200
1500
35
70
144
107
4
6
183
10
119
41
186
87
155
71
102
10
160
33
166
10
162
189
120
60
150
75
193
125
36
81
92
155
164
72
135
133
196
43
145
180
184
181
136
126
43
97
60
111
6
101
185
60
187
169
34
69
143
18
86
103
166
191
74
31
199
114
51
163
141
74
85
26
170
128
68
58
39
36
51
117
138
100
166
58
9
96
127
123
136
168
20
112
67
125
96
185
25
36
186
188
105
116
8
177
64
136
51
200
4
147
189
94
65
133
54
182
101
170
152
158
149
140
34
100
64
129
75
87
137
189
37
22
121
94
133
2
50
190
48
108
174
50
29
71
5
24
60
20
180
11
56
117
193
37
81
162
100
72
83
106
44
194
13
36
32
65
113
90
135
170
88
165
4
46
179
159
96
8
137
10
15
91
145
30
172
57
195
72
189
143
111
69
187
89
156
62
116
81
74
23
79
89
68
47
115
119
160
7
84
138
32
67
47
128
28
74
22
144
38
181
50
150
61
87
42
52
79
63
152
104
57
39
32
57
79
14
16
117
63
101
63
78
69
154
122
35
121
74
194
13
142
104
8
102
154
175
8
182
8
190
137
98
186
84
79
183
92
26
119
148
26
70
106
93
181
96
36
49
113
2
66
107
2
77
118
188
27
184
144
24
56
189
58
13
113
70
178
166
128
83
153
166
127
192
44
25
137
75
178
62
134
41
12
134
189
80
166
42
198
173
43
41
110
152
200
131
136
63
73
167
71
30
78
169
82
87
56
154
105
180
79
60
34
140
112
84
18
88
51
88
144
26
190
50
19
180
153
180
180
142
137
140
112
121
36
61
178
87
29
144
105
54
5
20
172
28
179
34
80
137
61
113
6
176
180
118
112
94
72
184
183
91
46
49
108
34
161
163
145
41
186
42
102
82
32
194
140
63
33
130
109
88
22
159
171
20
55
196
63
195
24
27
152
90
37
141
144
188
35
20
42
186
10
136
83
105
156
126
152
157
64
194
124
194
15
169
104
172
111
64
158
43
128
56
12
46
139
107
119
198
107
143
98
111
17
86
9
61
25
66
118
19
15
67
60
42
29
36
114
141
69
69
93
127
15
151
173
117
175
66
54
187
134
179
124
6
151
129
101
111
85
68
173
8
88
13
160
185
31
15
88
136
6
125
143
121
129
63
82
30
56
13
75
28
12
79
97
72
93
84
175
32
189
164
144
146
1
14
62
52
56
148
55
128
33
16
12
83
180
176
91
86
160
164
11
92
174
32
110
4
179
99
5
114
129
161
36
84
172
112
15
73
193
161
183
146
148
47
73
187
81
170
63
100
194
67
96
189
60
27
93
143
44
187
161
184
57
179
19
182
18
71
23
105
176
14
1
74
150
70
113
16
102
79
113
35
89
43
69
90
181
119
30
27
63
60
174
129
18
47
199
42
90
74
97
188
137
10
78
31
141
166
69
108
191
174
200
90
120
163
11
47
69
14
152
152
116
102
157
45
8
91
182
17
56
177
199
137
33
173
73
14
37
179
43
97
197
157
139
82
27
42
132
150
3
72
21
74
65
126
18
105
16
151
81
142
77
177
175
98
153
48
91
25
107
88
2
97
72
111
38
7
130
138
97
103
47
113
133
76
2
124
22
25
92
4
137
62
109
154
131
87
118
180
90
181
136
191
14
107
46
27
161
197
107
38
27
157
82
97
197
60
25
179
77
82
154
152
85
16
70
148
177
168
198
178
114
28
141
142
85
125
188
178
42
161
62
151
68
66
29
97
85
123
116
114
198
193
118
85
188
87
3
102
112
164
22
18
42
52
41
24
11
44
148
130
88
78
82
147
144
22
136
156
97
198
137
161
15
183
160
186
26
74
194
133
151
99
5
149
35
199
12
47
134
26
179
7
8
40
104
124
140
111
8
60
174
172
114
101
172
185
53
52
180
177
153
182
160
141
147
26
6
14
6
124
9
114
87
165
163
136
93
71
7
142
125
113
5
167
149
7
74
87
187
133
149
115
141
140
87
60
35
6
28
116
1
29
42
165
117
70
154
89
196
89
152
196
190
59
93
79
46
78
118
142
29
41
90
113
36
54
194
90
96
154
12
198
98
182
120
44
122
141
31
180
124
87
13
105
125
3
199
160
63
57
54
82
181
38
76
111
60
49
93
188
165
121
196
78
124
79
66
134
132
44
148
120
52
108
189
194
21
84
72
88
76
183
91
192
114
9
52
4
183
37
57
101
135
64
68
58
190
192
29
129
45
37
103
131
112
137
112
104
91
164
78
24
198
8
48
68
81
152
4
22
166
136
131
192
158
89
144
98
35
90
57
146
154
178
103
147
117
37
3
42
116
171
72
4
135
23
179
114
145
157
149
91
156
139
142
164
142
40
121
95
186
105
9
30
41
31
141
133
142
185
161
87
26
200
167
157
96
148
137
98
194
7
189
139
65
197
102
140
32
69
74
92
90
183
113
66
153
97
162
179
190
131
134
11
200
181
166
177
165
112
136
145
90
71
125
139
7
88
188
198
93
17
107
160
96
69
174
79
31
109
125
25
13
98
172
121
25
147
64
86
115
115
117
165
89
118
187
147
110
152
122
54
159
68
91
43
34
152
53
101
111
140
25
30
167
42
12
83
39
93
8
108
8
97
180
185
73
137
57
107
130
101
138
164
191
21
12
64
130
23
154
59
174
166
183
137
104
157
167
74
56
90
69
175
53
100
115
19
158
72
22
69
99
74
192
73
144
123
128
172
110
181
11
159
32
12
71
47
196
17
35
97
138
164
27
22
199
123
159
60
148
17
46
74
66
10
157
117
148
42
46
82
61
24
200
151
120
29
182
198
79
109
193
62
178
35
126
178
184
192
8
129
112
88
100
47
146
46
163
191
139
132
45
129
102
6
128
136
61
50
137
179
43
168
110
200
72
161
21
134
194
38
176
128
43
125
111
96
114
22
3
64
194
40
138
163
69
192
169
105
55
54
81
43
2
32
83
160
134
132
192
154
108
105
58
23
164
22
138
116
172
137
1
75
22
98
143
26
1
104
100
120
88
199
133
167
178
24
190
164
4
13
4
124
44
7
72
85
97
142
166
62
105
199
115
102
192
179
20
95
79
134
77
102
67
98
90
115
29
110
195
137
98
160
116
1
157
35
81
92
192
15
163
11
4
13
48
75
165
92
14
40
34
42
8
99
22
152
154
175
199
82
17
175
83
70
43
36
151
184
93
8
170
62
73
15
50
150
88
162
157
42
4
139
125
65
151
13
145
145
77
139
158
187
125
7
108
26
137
102
164
82
35
88
193
78
122
34
72
113
158
112
42
64
80
165
36
46
198
23
75
74
195
191
155
198
168
151
172
158
145
146
183
111
40
123
137
76
40
156
110
48
92
91
