200
1500
63
84
182
100
106
130
98
112
70
113
80
185
170
38
100
81
107
118
98
104
15
1
105
187
133
44
110
24
29
138
128
167
22
183
16
49
116
48
163
195
101
38
134
168
2
188
120
108
55
142
176
164
10
51
52
159
187
17
7
54
188
116
123
90
49
57
153
8
62
179
42
168
70
98
19
35
185
55
183
142
106
30
24
131
89
158
163
192
115
98
86
85
50
97
107
72
176
120
139
19
61
114
129
93
60
32
36
106
7
103
5
29
148
118
90
127
73
190
97
157
182
174
87
112
17
99
25
168
35
141
40
72
122
83
17
69
16
117
92
47
57
158
150
28
76
178
22
75
103
174
162
11
74
95
47
188
133
126
118
177
3
52
55
30
166
1
5
58
191
92
165
46
108
51
170
73
119
20
28
122
67
82
128
195
120
159
176
90
43
117
1
115
70
145
156
137
52
200
169
120
12
198
122
153
29
66
104
134
165
121
156
199
52
47
104
125
15
118
49
151
199
89
34
124
118
111
8
39
136
44
136
161
49
187
191
50
74
182
189
154
7
193
159
91
172
93
28
67
63
138
2
40
96
133
59
82
31
110
65
69
194
84
101
97
63
92
93
133
199
187
117
84
151
77
8
87
64
45
39
140
71
52
182
17
186
7
143
97
17
153
99
48
149
45
184
172
131
114
178
39
32
4
23
17
31
199
142
89
35
85
159
151
108
118
141
25
13
74
68
158
198
126
200
134
146
6
15
100
48
162
184
53
126
74
145
78
132
71
191
141
2
9
157
131
100
66
55
74
175
85
81
54
123
114
166
148
85
193
113
11
58
64
43
17
1
163
102
180
26
81
28
118
138
107
55
144
45
36
142
145
81
30
191
173
181
190
92
92
62
162
116
125
15
193
158
142
44
24
140
145
183
119
197
13
58
11
155
13
122
30
100
72
95
183
97
133
150
105
139
177
152
112
107
102
60
47
140
163
125
139
161
19
171
81
98
82
93
190
119
167
196
68
159
182
7
136
111
50
137
177
52
75
93
40
157
87
183
64
77
89
120
39
119
31
96
165
47
14
86
93
54
180
109
171
103
17
76
34
30
67
48
8
47
56
189
57
110
134
115
185
22
104
76
179
99
193
88
99
144
34
27
54
88
195
188
103
105
131
149
81
26
14
110
161
197
114
174
197
167
10
41
33
61
41
103
7
177
29
103
25
35
50
121
186
86
61
39
172
148
73
138
34
25
145
19
181
161
7
119
32
153
64
184
100
103
152
143
117
20
140
163
15
121
11
149
109
100
35
148
172
127
111
63
55
28
42
178
107
199
15
43
137
65
138
184
90
166
183
94
189
90
192
189
199
121
151
148
136
126
126
59
17
192
153
74
191
52
91
165
60
161
61
52
40
38
103
23
107
175
59
85
45
171
20
124
154
95
121
176
23
171
75
142
2
12
176
43
120
51
105
104
183
79
47
6
46
85
56
5
194
151
38
144
124
8
57
168
172
39
77
115
172
160
49
84
94
97
89
196
33
129
176
151
105
169
79
188
125
153
91
39
63
53
64
200
42
154
82
137
79
52
120
1
81
60
24
49
60
137
113
136
94
38
198
74
44
15
190
76
45
46
63
38
25
3
116
143
30
191
5
158
54
119
91
66
17
183
133
27
148
11
77
43
193
136
6
29
31
47
92
40
40
17
72
36
21
193
46
113
116
59
163
2
68
110
164
150
23
89
98
77
84
12
145
41
181
46
187
26
152
96
146
10
186
28
79
13
137
130
118
110
154
106
162
27
160
16
148
174
24
87
18
92
154
198
37
39
56
50
198
164
43
94
114
131
141
51
47
174
173
105
64
152
64
31
191
139
44
34
71
85
29
187
160
140
182
96
90
5
119
97
48
92
124
98
67
46
92
72
103
141
200
156
102
151
167
69
26
186
2
31
161
140
29
140
175
112
54
183
71
72
127
80
15
110
103
11
77
82
92
174
195
92
11
168
70
74
49
155
172
136
167
161
116
13
160
167
55
200
192
81
196
111
153
103
11
85
193
126
90
44
94
81
60
134
102
32
195
164
94
114
30
157
188
187
180
110
101
57
135
183
62
65
126
98
30
75
21
179
14
78
32
58
174
102
143
12
198
191
40
178
97
1
141
120
8
178
81
172
3
158
147
46
172
143
168
82
11
137
181
69
17
80
73
171
169
111
30
113
197
143
188
42
114
181
85
54
14
63
38
19
186
146
69
113
141
60
6
64
184
56
144
141
136
33
4
160
107
74
2
23
8
7
57
90
14
69
16
103
129
180
10
155
86
44
39
68
21
28
117
119
63
47
50
161
185
68
159
150
42
132
198
138
18
52
54
137
113
8
68
71
18
190
75
37
68
42
24
140
36
100
191
12
61
145
44
20
115
116
110
165
30
1
142
35
198
85
38
187
167
52
22
112
55
25
15
53
110
133
124
12
163
125
87
51
93
138
71
131
10
106
44
34
59
139
90
50
172
115
111
63
60
105
183
61
4
117
27
192
78
148
128
116
91
160
12
63
41
15
87
1
144
200
67
95
200
50
30
33
89
89
3
63
92
50
82
60
20
98
78
144
106
63
74
80
42
107
12
56
159
117
144
1
76
137
88
110
144
163
17
151
60
69
154
50
104
44
137
111
189
54
72
5
32
48
142
110
81
163
70
97
200
161
168
103
23
116
102
133
146
1
105
187
63
117
197
91
125
16
174
119
85
190
27
182
75
166
39
94
98
35
92
82
81
8
180
134
133
86
10
93
133
120
25
73
37
133
73
176
42
134
71
62
82
33
29
101
149
89
72
102
190
62
64
124
64
166
121
186
103
134
119
183
70
133
168
164
78
70
56
112
164
159
26
73
90
163
43
56
113
63
10
60
171
60
135
123
148
60
135
55
168
7
92
199
158
109
152
172
47
150
102
75
98
142
83
1
121
196
154
177
116
115
112
89
150
94
39
155
45
35
161
53
6
128
37
79
109
37
133
95
39
87
127
115
87
76
161
142
172
169
53
56
139
138
142
29
90
125
60
96
86
184
124
138
200
129
131
197
34
162
131
20
78
183
37
34
113
122
114
155
100
71
63
110
183
63
7
167
119
144
110
35
16
99
53
117
15
176
25
20
63
91
39
180
80
150
33
50
82
106
156
182
18
17
6
64
167
107
7
172
158
170
99
59
100
129
155
193
184
98
187
118
58
135
29
193
53
112
104
42
165
96
194
25
121
136
30
127
44
153
153
24
172
74
79
73
98
195
76
197
156
97
87
82
192
30
50
163
179
7
90
31
159
174
122
162
104
116
181
113
78
16
72
131
152
191
182
184
14
104
178
120
198
107
82
154
2
176
165
62
137
60
196
137
200
18
118
107
5
60
185
40
119
98
173
75
130
179
104
