200
1500
191
29
33
125
28
197
18
148
77
125
87
124
108
5
22
125
176
69
23
142
20
193
174
17
138
148
120
96
18
132
121
114
104
144
23
176
47
39
9
138
91
198
41
29
144
177
43
119
11
125
89
104
154
17
97
43
198
128
137
120
7
27
142
56
175
79
112
178
149
157
154
44
127
174
2
111
193
164
154
1
73
50
9
91
93
9
99
49
73
68
179
42
92
40
17
27
128
109
40
40
21
70
71
85
57
30
156
54
92
154
200
71
63
140
76
174
1
187
195
9
151
106
156
79
143
49
35
83
72
73
108
87
91
128
137
86
21
114
189
165
90
42
124
80
159
146
109
155
44
23
157
141
143
48
98
82
169
185
177
67
83
51
59
95
139
130
163
130
186
63
43
8
100
100
41
130
104
120
163
35
135
45
186
140
86
130
10
161
124
195
129
134
181
163
13
45
42
162
62
164
159
94
77
175
183
186
188
147
84
124
21
190
136
198
36
197
167
182
36
177
86
88
163
190
51
24
41
117
78
126
32
200
170
121
161
41
98
32
94
57
85
157
133
76
158
15
30
72
50
176
32
198
179
62
129
144
189
25
18
186
158
109
73
170
93
154
93
27
142
5
19
147
100
120
35
13
188
42
117
106
154
88
41
99
84
153
52
138
43
51
136
176
174
56
169
163
153
122
33
29
5
2
90
64
37
5
1
15
141
100
147
84
39
7
7
185
137
34
148
92
196
65
99
180
37
192
64
173
139
25
155
6
145
46
148
144
117
164
14
69
192
66
48
79
196
163
71
42
31
122
196
175
180
86
2
129
171
56
114
127
156
191
108
191
28
72
128
14
76
192
101
23
151
168
138
168
169
45
21
193
29
30
62
70
13
70
166
39
135
5
175
134
85
24
147
119
168
144
93
16
32
127
59
89
91
58
82
140
196
109
165
106
128
73
136
100
140
158
23
117
46
55
53
130
2
100
101
40
107
181
148
22
123
63
199
1
83
75
167
12
25
15
154
32
32
49
93
139
122
95
142
35
164
19
33
96
118
120
119
111
63
131
21
87
153
153
62
38
145
111
167
174
39
55
49
29
104
63
119
135
38
63
107
196
110
170
29
196
140
63
192
106
163
138
195
165
89
180
168
197
149
127
34
196
40
13
116
166
28
175
26
52
77
185
1
3
187
6
141
100
130
53
115
112
98
69
53
72
26
137
83
119
145
151
90
191
174
1
85
190
136
154
171
127
196
184
170
49
42
155
142
50
128
51
113
40
10
98
38
86
134
95
158
5
187
113
139
70
39
21
122
153
162
107
68
158
124
12
54
80
118
149
31
14
103
162
5
62
42
200
80
73
62
62
86
188
163
105
122
83
143
13
104
45
41
89
153
8
158
145
1
156
89
60
167
100
128
39
114
52
4
133
157
51
186
100
64
30
158
82
60
93
4
90
50
155
137
107
10
85
81
105
28
193
199
31
169
127
124
92
56
90
45
92
38
153
40
143
191
18
55
156
122
170
151
63
69
36
3
149
24
92
124
67
140
125
93
180
149
124
64
145
36
2
138
126
138
171
168
72
146
56
95
61
52
56
63
1
123
92
154
155
173
96
46
161
169
188
106
14
70
152
41
8
180
102
31
172
87
70
103
156
50
52
140
57
79
197
145
194
160
140
27
196
71
184
8
108
31
162
45
170
23
26
28
133
65
73
16
69
116
91
195
55
44
33
16
86
192
150
143
11
42
185
55
178
72
98
192
123
91
86
79
26
43
77
189
125
91
132
195
91
91
41
133
6
134
143
195
95
191
47
79
76
196
67
196
131
19
158
88
192
12
87
59
120
76
16
115
157
151
12
137
78
76
175
64
48
8
45
144
42
123
24
84
139
70
177
74
3
152
152
138
13
134
193
124
170
198
11
119
180
97
174
162
35
184
189
120
50
179
3
52
87
129
175
187
100
26
7
106
126
6
99
169
34
87
146
106
107
54
101
15
17
57
9
101
170
190
189
37
14
189
184
64
105
80
154
94
50
12
185
99
138
34
52
26
88
87
175
101
9
197
43
27
69
109
18
12
56
138
200
62
139
96
69
36
165
122
91
85
22
44
131
110
21
24
156
102
6
3
160
194
136
32
188
91
86
134
42
40
89
175
19
148
91
192
145
20
87
97
83
9
151
80
99
88
72
28
121
133
107
139
156
74
119
64
10
13
167
148
164
114
79
64
175
31
7
145
126
149
138
83
106
168
75
33
7
50
19
116
76
94
91
35
135
177
41
79
92
91
26
106
7
22
187
64
5
56
150
141
123
69
10
22
132
60
1
160
87
193
111
116
103
58
161
10
151
108
122
160
7
53
183
45
8
103
99
124
148
199
19
194
115
20
56
94
97
158
53
130
118
98
86
143
162
124
168
144
42
114
7
125
149
44
51
192
145
103
10
112
55
70
99
195
24
158
27
35
47
162
3
35
188
26
177
21
114
168
155
195
36
8
35
94
12
15
70
135
158
78
172
119
65
144
199
23
176
120
102
196
87
147
121
4
42
109
79
12
73
167
150
178
125
31
117
73
31
49
131
49
35
86
84
22
3
191
20
63
105
113
21
157
27
76
153
71
87
135
168
39
89
140
89
45
181
4
45
138
5
17
147
1
83
144
47
177
177
104
122
152
112
162
120
65
125
197
181
106
3
6
171
27
197
86
180
37
148
41
198
131
147
73
168
45
165
176
31
192
138
90
91
126
96
91
121
139
64
32
177
173
51
48
11
86
117
170
54
119
129
87
151
150
53
17
75
4
179
64
50
7
88
197
159
162
96
118
162
177
145
137
86
181
39
187
114
7
189
12
73
170
25
172
90
66
88
153
127
75
103
172
181
52
51
84
38
109
186
31
123
43
34
179
40
200
146
24
149
125
200
91
62
109
114
79
92
130
26
107
25
160
16
10
128
105
136
196
105
136
57
165
95
110
124
41
189
179
186
32
110
163
98
184
52
124
97
19
125
146
58
17
88
135
41
104
91
127
167
97
70
51
76
18
20
15
169
104
160
66
179
66
169
161
14
109
175
186
186
181
34
24
115
126
190
134
43
56
36
174
132
170
118
65
174
38
71
104
66
93
65
58
7
194
137
168
89
158
85
131
188
31
113
6
115
125
125
54
104
189
89
13
161
116
173
58
59
184
25
197
73
132
166
28
138
60
1
162
135
90
86
106
91
130
44
170
53
51
101
130
156
172
153
120
154
66
114
17
14
58
79
162
32
180
33
4
78
137
67
17
153
75
180
60
144
105
147
196
161
166
160
106
153
118
78
7
2
128
174
105
92
9
52
83
161
61
44
152
172
195
198
65
200
128
87
161
42
39
38
43
101
102
185
74
83
46
25
126
37
43
23
87
96
116
141
188
196
167
62
88
189
