200
1500
61
168
57
133
104
113
64
70
65
120
42
98
192
197
83
150
121
161
133
86
150
88
40
44
129
178
103
76
194
19
100
123
116
186
106
101
131
14
72
169
16
171
11
44
62
88
58
77
48
1
111
184
100
188
43
157
91
142
36
187
97
74
13
75
38
24
151
85
83
194
39
168
4
36
34
9
89
199
162
2
84
50
90
34
65
91
60
99
73
199
186
84
151
66
115
14
188
57
55
19
191
102
184
138
180
37
13
69
162
82
89
173
196
58
12
136
97
182
8
35
94
40
7
100
22
57
14
165
100
152
26
147
124
8
143
45
86
198
108
141
1
40
11
156
145
97
53
135
71
135
32
111
34
17
58
105
74
69
165
174
156
28
140
72
177
86
40
176
195
128
8
89
172
142
183
173
88
57
189
175
174
69
150
61
144
79
19
78
137
66
20
135
31
1
28
99
140
82
114
36
5
75
15
148
28
124
165
30
196
57
190
79
188
145
189
18
93
101
108
110
85
74
182
3
142
123
116
160
181
48
145
166
186
82
4
95
122
56
104
99
130
132
14
43
113
88
169
128
3
15
37
174
100
86
3
156
49
187
163
49
44
133
180
19
53
166
91
104
34
149
164
59
188
137
18
58
193
29
197
11
154
179
1
167
195
92
24
194
67
171
96
33
128
2
108
141
123
20
91
55
194
160
104
20
171
126
87
147
18
58
144
137
105
135
171
27
91
142
13
17
41
60
9
104
120
68
100
26
49
85
100
175
192
118
188
197
1
102
38
91
127
90
15
147
65
53
145
61
177
87
73
140
157
145
73
152
145
116
12
21
168
14
42
68
133
114
170
135
173
73
198
19
151
130
3
122
29
162
1
159
61
22
178
185
75
182
118
164
26
18
86
75
59
187
139
37
198
31
200
167
90
37
175
122
146
158
31
198
190
181
10
142
140
115
190
131
176
198
140
134
83
120
20
174
179
95
160
105
169
79
81
93
94
159
161
136
38
75
129
150
136
65
37
197
43
90
198
120
130
98
65
87
9
52
93
81
51
68
84
4
44
67
151
56
179
37
125
112
131
151
136
90
155
26
48
129
41
79
126
118
25
31
1
101
98
149
127
105
134
149
36
86
129
68
172
120
129
23
157
89
60
129
3
7
56
193
129
100
35
198
110
50
124
58
29
84
120
82
78
173
75
113
93
159
137
26
170
183
11
48
97
122
105
159
75
78
56
183
89
113
77
46
105
35
27
131
154
68
107
78
180
93
168
183
55
52
80
166
52
128
92
147
117
136
36
104
45
63
24
46
155
118
122
24
158
120
39
63
82
83
162
63
145
55
192
76
145
108
135
133
76
25
77
170
9
139
81
131
35
125
178
19
69
149
81
19
174
64
103
88
200
171
181
120
48
4
138
69
88
92
7
1
55
187
176
149
183
96
182
67
151
93
123
41
104
139
92
72
79
123
34
144
131
113
6
69
88
111
60
73
5
133
9
188
103
187
80
3
50
40
24
37
87
144
61
46
167
185
78
69
105
127
55
162
78
200
153
73
147
192
69
99
162
191
200
164
118
93
155
31
41
40
55
141
55
14
190
95
40
198
161
47
30
163
8
195
186
18
32
38
180
180
183
101
16
126
14
1
5
149
54
91
146
16
189
165
164
197
147
79
44
48
84
105
148
126
195
3
168
83
110
172
177
18
73
57
15
134
51
40
41
47
152
20
180
173
79
129
188
169
174
37
100
13
193
157
120
120
20
69
47
61
164
25
5
9
176
153
148
44
124
192
28
71
108
14
44
64
184
70
115
135
182
109
66
53
59
66
164
122
171
130
40
157
59
14
151
189
48
74
33
49
129
92
92
186
131
125
9
12
161
2
123
112
14
96
51
98
10
143
141
32
142
39
156
76
101
99
111
83
179
137
36
127
16
187
155
188
41
2
110
194
168
180
77
130
37
126
131
164
152
131
90
63
30
104
78
5
195
148
110
1
137
139
66
164
6
151
171
109
44
70
137
145
160
173
167
4
53
136
48
79
73
123
40
168
34
32
49
116
96
36
8
173
118
24
43
59
24
57
35
36
70
78
187
103
85
62
33
119
80
170
82
196
104
89
21
47
125
41
181
107
99
15
86
191
133
192
125
175
15
125
91
2
149
126
12
78
15
186
4
54
43
154
43
76
13
49
112
191
81
141
76
61
149
105
146
12
183
77
123
26
84
81
176
98
12
48
167
174
185
109
58
3
56
169
46
75
143
7
94
122
112
160
89
184
174
167
157
48
140
20
143
167
117
185
129
17
28
69
5
125
115
78
150
96
3
44
16
83
99
173
38
198
24
135
107
176
73
139
171
33
168
2
38
161
119
58
42
11
31
199
185
73
176
16
32
5
100
198
79
172
144
195
36
148
11
143
17
26
193
68
78
154
46
128
37
194
110
192
14
82
147
86
73
22
190
165
89
69
133
165
41
53
24
195
155
186
158
185
38
179
8
39
172
170
189
99
84
6
105
194
79
51
105
83
126
161
70
147
188
128
171
135
13
57
102
46
148
183
61
80
158
107
183
168
40
86
103
92
21
70
170
84
95
140
161
38
75
195
67
72
3
98
153
60
54
156
59
120
107
29
22
22
185
23
78
131
71
18
74
139
6
165
155
127
175
30
140
143
102
18
123
8
11
42
77
9
8
33
43
109
130
40
47
115
58
111
23
32
62
175
75
134
144
116
12
35
70
15
129
58
78
130
89
104
124
191
114
3
56
52
191
122
50
111
44
57
87
49
74
183
197
49
179
198
146
19
49
114
23
159
150
41
67
155
97
122
37
87
175
197
54
187
116
80
117
163
20
150
92
98
15
30
34
53
45
90
30
46
132
183
35
126
89
199
160
28
132
67
143
57
108
117
69
102
186
46
180
39
185
104
96
87
3
31
40
12
54
50
162
199
82
39
15
77
177
12
144
160
103
136
125
76
107
54
186
27
155
39
82
1
61
166
148
40
92
147
156
160
146
49
164
61
103
116
91
153
27
71
61
7
152
78
56
2
28
45
5
90
84
12
87
74
52
163
193
100
68
15
166
31
35
131
38
111
11
112
101
31
15
20
177
147
130
13
130
172
149
90
73
172
61
89
66
198
148
10
110
89
49
107
90
188
10
88
160
16
2
150
193
36
74
193
196
176
183
142
184
160
99
58
126
69
116
169
184
60
105
161
12
187
113
53
71
135
72
9
187
17
190
105
126
146
129
23
55
130
22
57
25
22
79
51
98
26
164
58
46
158
197
185
23
14
25
189
36
52
161
17
50
36
19
135
72
129
137
110
61
144
24
171
55
77
142
86
191
26
144
183
94
18
91
177
194
124
83
117
79
78
117
52
8
45
143
35
166
119
107
64
127
194
95
151
77
173
32
151
159
146
