100
500
17
22
33
81
87
83
98
29
92
15
5
34
72
17
87
93
85
87
17
65
27
29
52
49
80
84
98
65
50
78
97
41
30
52
36
11
94
44
96
92
40
21
11
80
90
7
10
41
25
49
60
68
10
34
81
26
18
43
99
9
12
1
36
77
90
46
76
4
61
24
50
99
10
47
69
91
6
29
25
63
25
36
81
58
30
85
3
32
10
94
17
27
27
66
90
99
82
28
70
2
93
1
81
100
19
8
62
97
28
14
48
86
18
93
31
31
75
10
27
2
19
65
31
54
9
41
3
34
66
23
41
69
99
7
15
51
3
24
61
10
88
94
81
40
52
19
15
40
37
83
74
88
53
63
57
79
18
4
98
53
21
19
55
84
28
50
49
24
59
34
62
80
38
84
81
77
8
13
25
53
90
73
95
82
10
99
10
53
43
37
2
49
77
82
53
83
24
42
63
31
55
8
52
42
30
36
54
53
18
28
18
19
74
17
11
7
95
82
93
8
64
55
97
74
50
8
57
52
58
91
7
26
27
95
10
6
27
16
75
53
34
8
45
24
63
55
13
2
23
86
34
85
22
85
24
34
99
82
68
22
52
52
85
10
28
93
16
29
41
76
86
50
7
69
78
85
60
27
92
62
77
96
78
58
10
69
21
65
15
81
9
19
79
11
9
32
69
75
28
24
77
50
100
58
6
26
82
38
63
79
62
69
65
19
12
62
61
62
66
36
79
43
55
42
67
68
20
75
71
38
81
23
7
56
29
36
13
88
3
89
73
17
24
16
29
20
49
90
80
1
32
79
34
20
9
98
52
47
70
89
1
9
21
80
34
27
17
91
8
77
9
91
69
88
87
18
71
45
11
81
40
2
50
84
92
52
41
69
86
3
53
60
90
18
18
47
20
34
48
56
91
38
20
13
34
31
11
94
66
32
39
32
81
77
30
84
83
76
94
15
53
26
95
47
4
13
77
46
67
21
28
56
7
35
10
74
54
5
94
66
89
78
23
70
42
18
18
96
33
23
76
31
14
28
38
69
5
14
58
58
94
31
82
72
94
18
70
89
55
65
75
73
49
71
86
86
60
79
20
67
8
78
100
20
42
76
55
88
1
100
53
35
90
39
37
72
70
65
37
35
