200
1500
14
54
9
62
151
135
139
83
174
29
24
68
34
71
197
126
73
116
124
163
164
4
8
36
74
68
175
189
180
3
171
38
121
14
195
23
73
157
109
1
123
126
144
10
155
26
177
139
169
189
20
156
83
194
6
188
124
95
186
102
21
71
111
64
30
32
169
32
176
153
36
146
97
179
188
101
47
56
168
191
91
156
166
87
196
53
198
52
57
66
69
56
97
187
143
136
91
132
13
120
97
124
85
137
101
39
191
155
41
54
28
4
66
37
176
110
133
196
34
89
130
160
97
85
112
1
180
120
161
87
190
8
132
44
199
179
107
157
162
199
28
114
170
2
182
33
66
149
45
152
53
55
135
178
129
35
53
84
149
178
122
57
14
14
87
37
171
112
60
20
189
79
133
98
75
71
176
163
141
149
63
28
101
16
86
107
64
141
56
142
114
57
79
4
43
112
82
81
172
13
158
66
171
119
195
37
5
184
19
147
80
39
155
7
65
83
178
59
135
165
107
113
157
107
7
32
16
41
88
97
51
6
31
100
113
109
28
2
193
136
183
61
56
146
45
182
133
77
136
11
157
180
2
157
154
138
80
94
22
129
54
36
63
10
93
23
193
158
28
155
22
193
134
74
36
91
23
135
84
126
141
151
114
87
146
200
176
138
49
26
95
139
53
159
147
157
34
178
97
178
39
90
150
79
155
93
114
12
185
168
102
49
29
87
70
179
111
82
200
142
28
40
199
168
52
172
192
164
69
172
120
28
17
101
177
167
99
170
86
25
161
150
112
58
100
127
137
197
94
49
91
161
159
128
196
25
65
17
184
120
84
153
161
180
66
120
2
144
197
192
195
137
28
107
54
181
37
180
75
150
189
157
73
92
51
45
127
131
27
14
150
66
18
16
44
105
182
25
183
30
117
196
63
122
110
97
91
152
45
54
12
24
40
120
119
190
36
98
139
22
191
54
101
173
79
144
101
43
158
127
137
118
79
12
121
69
22
37
133
82
124
61
126
87
99
177
75
114
35
120
43
91
3
143
144
68
131
118
85
184
72
70
144
82
107
13
85
33
178
58
87
166
171
18
104
161
117
199
76
64
185
13
141
114
149
136
102
151
12
147
174
14
176
28
10
7
4
159
14
39
155
41
47
30
151
121
17
87
22
134
155
144
117
5
140
177
135
72
3
102
55
145
157
144
199
186
100
80
142
74
139
71
179
24
181
83
196
77
103
118
42
135
174
26
45
88
110
129
20
39
79
150
189
192
195
131
31
17
152
107
113
144
63
42
154
99
160
176
194
167
33
125
161
112
172
143
181
57
170
188
191
166
196
168
179
110
59
122
21
90
181
66
97
5
48
67
133
188
163
12
169
5
190
128
56
150
115
98
10
34
186
136
117
97
42
58
154
90
77
150
59
82
170
57
193
129
101
48
76
137
42
40
62
186
104
16
197
134
6
126
144
139
53
106
81
149
157
58
26
40
193
58
56
128
169
186
102
65
176
54
60
164
141
107
34
196
112
68
35
161
32
1
195
39
192
100
149
80
112
189
70
105
8
124
165
56
132
76
37
140
139
147
68
103
86
99
175
26
168
103
77
108
179
127
1
129
24
28
164
99
137
13
46
12
9
83
142
168
92
23
1
58
64
176
100
17
142
34
85
138
76
105
44
16
25
48
90
179
167
22
186
91
67
195
10
5
50
23
152
137
73
146
189
77
115
30
164
96
82
115
166
18
89
191
44
156
17
20
191
136
80
43
170
129
173
109
78
133
41
114
93
171
31
166
36
123
83
92
39
176
41
167
132
67
145
159
36
123
161
181
37
133
165
54
10
3
40
59
2
149
16
70
104
193
99
19
134
72
59
183
70
144
40
43
162
123
145
182
35
173
106
190
67
87
148
69
145
200
31
143
17
150
188
58
26
195
105
156
186
120
6
41
170
30
86
99
175
38
174
114
193
73
42
59
156
144
7
1
194
30
18
40
28
179
6
76
85
16
51
83
127
129
125
107
112
64
73
183
196
192
49
13
96
188
14
51
4
130
190
197
167
22
77
57
142
138
3
171
16
129
195
178
144
54
88
87
11
176
31
17
26
76
7
142
120
19
70
77
165
185
1
120
94
61
190
155
144
2
166
96
63
81
97
122
43
75
10
180
8
186
11
51
86
171
148
74
30
189
66
185
94
27
91
99
96
9
72
115
151
33
15
156
145
186
123
22
131
182
157
137
194
44
42
6
174
65
109
53
197
129
2
117
3
2
116
143
17
148
19
88
42
86
78
173
9
31
4
197
60
22
122
186
160
59
39
47
168
87
181
108
21
183
113
5
110
184
96
13
7
96
195
41
175
178
179
154
112
31
93
62
161
151
79
138
30
170
61
36
169
34
52
123
193
187
73
3
69
7
10
18
118
89
57
23
99
71
178
120
139
104
91
164
29
58
164
170
175
46
96
133
30
44
16
115
90
92
20
39
94
7
162
93
187
114
72
1
120
48
27
153
136
111
49
99
75
63
20
143
116
63
96
169
87
21
51
51
29
14
125
184
29
199
60
63
121
42
128
21
90
193
46
162
83
158
98
184
21
114
18
198
1
118
180
65
94
28
19
28
141
134
104
150
167
151
7
162
86
135
53
68
180
118
35
78
141
11
74
3
137
84
7
54
136
143
198
173
128
24
171
125
132
47
22
60
156
174
161
71
174
22
142
120
76
62
72
122
78
96
103
95
55
90
70
109
30
183
19
131
55
112
40
108
160
149
119
74
59
136
20
71
192
180
126
149
171
81
68
103
56
44
106
55
49
192
11
37
118
20
37
13
97
96
25
125
161
148
94
181
188
8
36
128
141
194
65
101
11
69
191
164
15
186
166
39
33
130
58
134
83
23
64
95
51
101
175
17
125
158
141
80
113
37
37
94
182
150
149
102
48
122
159
197
71
4
71
136
37
9
71
171
28
89
8
34
142
133
71
64
129
34
37
86
150
167
185
15
90
36
27
89
66
48
105
93
148
189
48
71
25
53
50
58
163
6
59
136
162
174
191
160
117
165
72
183
96
73
8
3
73
199
141
174
80
186
79
106
143
77
180
46
41
142
166
63
143
90
150
9
61
29
169
23
102
190
170
4
178
172
64
38
1
88
131
133
135
90
104
60
13
128
129
192
174
115
173
147
127
163
158
107
152
137
130
157
130
160
66
195
174
170
146
6
150
154
61
79
161
131
159
89
186
78
29
120
43
123
173
61
98
49
189
181
69
147
163
77
166
97
165
154
113
37
78
108
4
156
75
6
84
145
153
75
102
1
13
132
150
159
10
86
55
185
73
104
81
137
17
35
123
138
3
87
70
45
66
41
92
110
196
14
51
21
156
130
94
73
181
108
169
112
19
161
35
49
105
87
82
162
164
35
