200
1500
21
120
32
191
167
176
106
172
69
127
91
80
41
6
75
4
130
138
2
189
118
147
123
191
44
190
160
21
15
154
3
94
188
78
172
145
169
123
24
88
121
31
127
83
23
83
12
138
17
45
121
2
119
169
134
196
1
156
92
82
161
147
149
56
73
55
172
27
177
139
192
142
81
97
97
147
168
2
24
109
181
139
7
37
164
86
65
60
183
132
188
75
42
102
185
79
25
80
110
106
118
183
51
176
17
85
60
109
133
5
182
120
20
192
125
200
117
127
18
156
68
3
176
52
95
174
121
44
44
119
119
187
27
171
94
131
171
136
140
111
136
154
28
53
122
71
89
84
196
94
170
94
185
100
34
158
115
131
41
1
151
175
108
65
126
44
150
196
177
155
7
85
144
190
115
66
46
154
137
154
138
48
164
27
3
177
34
99
104
59
172
68
179
138
163
187
161
177
140
39
85
123
8
197
102
34
155
29
45
119
6
67
2
147
158
61
49
27
189
107
96
176
185
136
192
49
27
92
144
134
58
31
172
153
74
50
55
2
92
104
78
193
3
161
82
94
160
137
190
39
57
152
120
98
37
148
42
170
41
50
111
132
109
4
165
149
12
28
57
131
122
70
28
50
162
84
160
164
165
55
86
147
140
120
33
95
100
67
153
43
66
9
17
187
115
142
164
198
134
20
150
40
119
61
126
181
163
44
193
197
147
133
109
23
66
115
122
69
102
119
198
159
121
173
38
113
1
119
84
10
29
165
139
132
173
55
113
126
131
128
25
19
131
41
160
182
23
68
59
91
71
42
198
145
25
105
69
170
15
157
66
7
49
147
75
74
35
144
95
49
173
85
35
143
90
91
99
112
53
45
25
60
169
100
52
92
194
29
122
44
197
95
121
96
56
189
45
186
22
98
51
161
162
78
11
112
69
70
148
18
68
110
197
115
44
156
35
59
125
128
20
31
139
181
157
182
20
66
170
55
169
176
64
166
63
134
130
34
62
9
181
133
97
90
43
51
182
124
151
154
128
13
138
90
99
183
146
6
62
95
65
67
46
81
175
101
138
33
167
33
69
140
165
9
140
10
6
52
80
39
44
34
182
84
106
174
186
34
191
175
121
65
39
94
81
83
166
78
189
158
15
19
194
119
159
166
174
118
156
171
137
26
143
125
70
3
76
93
62
85
64
85
171
104
65
144
130
110
68
118
8
17
130
9
7
17
168
173
173
125
61
115
17
169
23
23
40
116
157
163
161
28
119
47
57
170
138
193
107
104
25
141
22
122
80
92
95
54
101
56
41
100
174
176
131
70
89
147
1
107
113
84
112
141
169
189
148
116
180
62
56
95
175
33
193
43
132
63
88
195
10
197
178
180
167
71
110
138
40
139
115
110
129
172
5
102
101
99
66
119
13
23
75
179
35
87
155
45
175
157
145
31
170
40
9
84
112
89
90
191
180
12
176
78
63
188
80
29
127
23
61
140
14
112
181
90
137
185
32
42
200
66
159
97
38
13
132
114
153
189
93
117
126
70
83
189
166
174
61
120
182
119
99
154
127
175
19
177
134
68
107
104
143
109
41
159
72
117
114
51
76
8
26
175
56
166
59
199
152
173
47
87
114
1
175
125
176
163
127
55
176
127
37
43
138
143
14
109
152
164
88
143
44
134
172
131
174
48
66
168
58
91
133
124
13
45
99
135
29
31
100
47
70
18
140
93
177
70
70
145
41
70
102
163
146
191
186
113
151
185
42
35
119
118
95
133
57
180
32
85
158
22
176
180
163
16
126
187
87
161
52
87
162
124
46
185
35
144
28
107
193
23
193
87
112
38
132
177
23
154
193
37
4
157
105
124
21
23
52
13
179
64
26
26
136
77
8
172
8
43
64
104
166
150
139
168
54
151
161
68
25
180
14
169
50
194
86
99
29
171
79
196
96
195
47
193
19
128
135
199
105
35
142
8
177
33
154
162
99
151
93
12
29
35
4
43
15
103
6
193
174
1
171
34
78
20
134
131
48
60
54
13
121
55
174
131
159
106
95
143
45
175
185
7
139
91
89
89
143
133
143
188
29
72
21
141
88
79
10
166
170
22
166
180
38
77
167
25
139
2
57
114
117
181
158
88
150
187
43
36
133
78
56
11
143
37
25
165
29
65
59
37
38
4
94
49
94
101
102
157
161
89
5
116
180
191
138
162
106
186
159
31
60
9
88
60
83
149
91
76
101
135
194
155
108
121
22
149
6
26
111
154
40
69
17
160
190
70
190
171
28
181
34
114
165
56
13
55
1
137
6
128
158
12
49
13
162
62
55
152
150
111
10
94
107
76
129
144
188
160
87
187
32
63
75
22
118
166
164
161
69
197
148
135
20
83
163
5
113
153
77
57
13
48
61
25
64
67
109
49
84
97
151
81
145
153
17
9
61
196
24
180
173
114
53
60
12
135
75
73
143
157
170
112
64
17
165
51
73
171
106
45
58
15
1
120
13
143
52
161
85
176
113
42
86
91
114
108
6
176
105
92
72
101
131
6
191
27
195
76
33
82
182
185
159
20
9
9
86
92
39
188
182
32
101
15
136
97
4
85
4
171
130
158
188
4
181
121
92
135
117
128
175
176
76
124
74
182
174
192
126
43
67
192
191
5
75
129
174
41
164
102
86
4
23
121
65
50
113
125
27
67
89
184
108
91
173
79
109
174
111
6
128
161
25
121
190
174
167
182
73
198
197
111
20
38
34
23
64
121
163
72
43
6
59
92
128
29
40
11
60
84
52
131
145
53
175
174
186
174
52
107
127
28
53
168
35
164
4
98
67
47
112
89
144
66
180
48
116
180
135
148
35
27
162
92
43
200
141
198
46
55
61
119
180
195
67
150
40
115
28
187
18
82
141
14
49
16
27
178
29
20
1
153
167
28
167
126
164
144
11
105
106
159
98
97
190
129
122
117
151
123
111
73
55
86
5
190
106
139
192
83
31
90
111
41
3
92
74
200
200
164
84
22
65
148
5
182
9
161
39
112
21
31
190
161
63
77
160
117
64
77
87
174
139
182
185
12
124
123
142
24
123
45
16
136
44
37
167
81
106
175
141
181
126
53
78
19
37
89
82
125
62
168
1
1
109
129
45
156
26
106
174
106
69
86
8
102
162
147
195
101
129
13
64
79
20
133
13
70
138
28
73
142
33
160
60
107
85
67
134
161
180
5
19
41
200
194
167
186
87
35
80
23
165
187
5
135
44
147
104
46
92
95
159
80
156
180
107
200
91
122
56
106
2
172
5
191
95
158
6
125
103
165
5
122
52
171
13
16
60
194
79
174
69
124
180
117
2
19
196
132
99
111
68
193
3
17
85
49
37
105
161
133
69
113
155
188
194
116
93
167
197
35
113
135
70
112
91
101
