200
1500
83
73
147
9
100
15
110
102
62
170
50
197
57
162
144
180
8
75
97
118
162
140
19
139
169
76
119
185
110
9
58
158
27
80
44
31
154
78
66
93
79
200
38
103
48
53
70
27
102
86
163
171
158
160
124
84
104
120
63
186
28
9
142
187
50
63
143
121
79
161
38
55
175
81
188
193
1
71
22
194
2
126
127
136
1
89
115
156
141
152
172
146
163
21
186
131
94
113
155
49
145
195
135
40
181
73
61
162
50
90
195
198
52
104
63
86
165
141
35
132
155
47
181
128
127
54
23
14
57
170
79
199
181
184
161
175
28
146
29
72
67
61
72
174
108
82
54
183
62
64
171
6
58
174
152
141
61
57
79
52
22
190
35
155
189
63
81
99
15
200
114
38
66
73
129
157
90
93
179
196
170
93
77
59
83
76
126
119
127
94
35
178
98
11
88
108
170
151
9
40
151
18
19
99
83
188
163
9
68
169
135
72
157
190
138
130
8
175
106
69
20
107
103
46
44
169
74
167
69
33
122
180
18
108
149
77
71
82
175
152
19
81
64
179
123
133
115
105
167
149
109
129
80
10
94
148
3
196
149
9
13
177
64
52
134
58
186
197
162
154
175
188
49
79
104
140
51
43
189
62
190
27
69
197
77
64
170
8
32
129
75
87
53
120
125
2
133
33
53
62
51
118
194
186
94
4
114
19
198
165
109
87
176
189
68
199
82
192
138
3
95
148
127
71
53
29
135
61
10
122
81
119
108
73
121
14
122
174
160
173
124
92
177
185
89
179
40
107
131
68
80
47
32
170
93
143
27
135
106
147
15
70
35
146
192
161
200
172
81
65
173
165
192
45
15
88
97
73
17
68
105
98
37
32
40
70
8
24
57
20
110
123
75
71
167
133
90
22
149
127
111
25
180
106
18
2
179
20
124
119
138
98
145
154
162
80
190
66
109
100
131
17
118
147
105
3
169
13
17
45
153
183
90
76
147
107
170
178
125
144
96
163
149
13
5
58
58
93
95
125
185
174
156
61
136
200
3
67
144
90
189
162
44
131
44
131
30
194
25
199
65
118
192
115
78
63
43
65
175
185
148
188
50
157
14
30
14
20
131
145
84
47
70
175
163
76
171
165
193
9
39
68
146
96
18
59
10
195
86
102
9
200
91
142
147
88
89
27
25
82
104
80
7
3
52
156
18
153
29
129
90
127
70
96
128
76
45
136
3
135
121
193
26
111
25
100
65
125
185
20
22
198
131
133
126
180
118
20
55
156
103
107
44
98
22
146
41
142
163
197
172
60
64
5
108
90
147
94
126
182
32
193
52
94
168
14
59
98
176
5
101
191
148
195
52
31
56
26
86
175
20
142
190
200
23
142
96
106
168
87
18
144
80
42
56
51
37
175
109
149
134
126
80
41
103
130
159
62
129
156
6
181
166
139
154
108
50
185
171
25
106
2
2
77
5
193
17
150
133
56
132
193
180
162
70
111
1
141
7
95
140
85
65
151
139
118
187
19
58
181
195
170
58
1
83
71
128
181
85
49
7
37
166
63
129
99
177
135
191
16
60
93
196
11
51
68
52
82
169
137
51
24
196
115
150
25
133
36
42
77
6
1
25
8
135
39
102
117
53
106
140
90
175
117
78
117
98
90
191
50
178
152
38
80
67
37
64
153
134
146
132
146
140
43
82
170
174
140
182
180
50
69
143
118
66
109
198
15
58
49
106
197
128
6
41
42
184
152
62
125
102
67
95
65
67
157
158
189
174
39
29
25
26
50
35
57
186
163
177
119
62
30
200
105
90
72
131
68
11
165
135
105
83
38
193
75
15
112
2
81
184
113
196
108
89
75
181
113
40
53
152
188
36
115
162
15
129
197
91
160
147
170
39
30
138
178
64
175
174
105
107
119
88
48
20
194
36
140
170
57
61
186
17
180
158
124
192
187
36
9
41
124
21
28
58
102
121
149
154
192
200
13
28
73
167
86
120
114
153
88
39
72
116
19
188
75
120
47
67
47
80
16
64
66
88
94
125
133
60
192
30
68
173
31
105
9
130
196
12
179
198
70
17
61
181
45
111
187
191
21
153
43
99
6
17
19
106
14
24
62
147
184
4
181
141
28
187
8
167
115
126
152
121
53
129
105
62
113
53
55
75
111
189
113
83
125
53
40
105
149
26
76
149
99
168
87
84
51
193
15
59
139
34
134
195
89
27
195
169
43
69
71
113
168
30
65
55
113
43
5
181
166
70
87
53
169
116
130
56
125
179
38
66
47
9
145
5
46
81
5
110
121
2
21
72
83
141
73
144
179
145
62
115
100
63
141
49
82
52
91
188
79
155
116
7
57
109
19
156
106
91
195
66
6
82
39
115
137
28
91
200
200
29
41
41
52
42
19
38
158
3
104
151
51
193
172
35
17
182
9
191
116
78
94
158
197
33
108
56
128
88
16
47
170
161
73
172
195
131
107
26
75
61
22
161
47
66
68
158
64
103
199
109
194
4
103
165
74
112
178
184
31
52
85
192
165
147
143
67
149
38
105
199
23
70
196
60
181
186
178
176
105
160
67
149
111
12
195
77
49
25
120
133
172
30
52
113
113
185
69
14
61
137
89
86
186
99
4
36
119
162
148
45
26
138
175
87
131
151
145
4
43
59
146
78
14
152
3
131
184
145
198
113
122
41
117
149
78
22
10
41
117
3
165
159
133
167
184
89
113
165
32
4
192
36
88
14
193
177
140
95
99
151
41
107
111
72
54
135
25
81
154
17
67
144
124
152
30
185
70
90
173
44
89
149
121
143
78
44
126
46
162
197
78
172
105
77
62
113
124
186
191
57
69
50
40
105
53
155
185
118
16
116
176
64
105
164
6
16
98
104
27
24
57
57
98
163
124
199
177
86
200
148
19
83
8
27
168
160
85
180
199
4
180
184
165
101
39
130
8
145
110
61
38
119
58
181
45
73
108
175
6
151
106
154
50
144
160
110
180
129
104
39
55
23
180
186
170
11
184
136
190
2
142
124
43
70
4
2
91
115
13
31
44
80
70
82
70
22
135
4
23
143
130
85
78
25
131
68
148
39
79
162
8
129
61
197
198
108
87
29
147
22
34
11
169
50
148
109
84
87
52
54
169
8
25
17
74
129
164
193
95
169
65
137
66
53
35
67
167
27
5
70
182
110
182
119
53
156
121
178
74
79
178
54
179
141
55
96
48
190
143
85
31
24
172
134
84
186
5
28
135
163
182
114
175
10
35
181
55
23
8
165
21
158
49
87
143
108
73
102
197
54
139
79
86
73
22
173
181
185
198
113
99
52
67
45
91
183
85
42
137
132
176
125
15
177
41
164
169
115
175
160
129
154
56
16
8
160
20
142
108
137
192
65
197
117
149
80
177
