200
1500
123
161
194
199
69
32
3
21
183
15
66
198
124
6
171
3
23
148
87
88
73
94
197
128
47
109
125
25
34
168
184
124
66
152
67
127
169
192
144
91
104
10
160
102
92
55
28
50
69
67
191
187
175
87
102
75
168
155
196
173
22
99
153
24
88
198
24
4
61
102
45
128
167
197
100
182
45
116
149
72
133
90
164
14
182
88
167
14
116
178
105
157
174
72
104
158
122
34
186
37
126
65
114
75
31
36
113
57
149
121
106
94
152
28
188
117
12
177
71
86
48
173
26
41
159
28
174
58
8
125
110
15
52
166
77
144
199
145
149
88
91
149
97
33
110
142
138
143
57
85
33
45
34
76
22
62
76
50
82
163
167
100
6
120
164
172
141
115
153
162
24
86
91
144
154
118
149
18
191
24
104
164
155
81
136
11
65
112
13
99
64
24
45
56
69
117
78
96
142
151
1
125
35
149
165
198
5
78
95
178
25
121
134
196
164
163
21
8
164
51
142
148
109
129
128
5
188
157
13
65
57
50
174
177
106
100
83
199
88
193
127
193
195
82
137
1
132
124
104
107
117
121
157
40
71
24
132
70
151
149
173
138
181
102
151
63
182
152
109
67
15
148
133
110
197
108
200
155
188
197
32
173
145
89
60
123
102
14
70
170
76
159
37
121
113
50
50
91
13
109
72
13
151
28
8
148
103
149
34
98
159
68
104
32
148
116
134
187
75
122
164
98
111
9
89
147
75
93
30
89
36
40
95
103
163
187
145
18
177
184
89
26
194
15
69
23
124
161
110
158
88
168
178
158
3
98
67
179
93
1
100
6
121
143
144
5
86
89
144
50
24
156
6
35
162
151
177
29
184
28
14
73
120
150
123
186
74
16
84
180
52
60
58
181
193
55
49
64
99
144
84
197
168
166
142
145
21
81
25
199
189
114
164
86
88
91
11
42
99
150
24
154
9
138
156
162
120
100
162
54
165
92
194
46
177
190
110
173
140
81
32
98
75
69
169
120
20
51
168
32
81
66
29
197
46
129
102
23
4
184
112
39
128
38
57
88
195
193
153
188
125
64
130
33
118
98
145
157
34
140
83
34
130
162
178
86
95
51
188
33
138
36
200
30
161
4
165
21
76
64
107
117
64
151
31
4
197
84
200
172
145
193
187
183
9
98
197
99
129
97
76
189
65
97
154
149
175
89
74
157
178
197
18
66
53
75
17
200
191
181
37
1
83
43
164
59
129
23
36
23
200
152
153
163
102
48
39
192
184
88
34
129
58
178
170
131
101
168
114
125
191
121
75
150
53
63
149
118
198
197
108
9
111
15
28
67
59
39
182
127
102
84
98
167
57
63
18
16
50
6
49
22
27
179
184
93
75
118
47
124
87
161
35
53
120
74
139
82
174
133
132
35
182
83
101
62
2
146
110
151
124
80
188
77
64
200
32
6
53
152
180
79
135
127
141
33
54
7
172
159
153
174
76
150
198
138
129
113
114
162
4
124
21
117
144
187
72
156
24
90
142
196
152
30
149
53
102
90
82
33
69
6
44
54
16
75
124
81
14
44
184
46
24
35
145
117
189
175
177
86
30
57
190
48
12
13
188
171
182
198
26
7
59
109
189
180
24
48
171
44
89
197
90
141
110
136
161
91
106
18
134
83
91
124
195
42
71
30
81
114
21
49
187
71
53
106
177
188
150
5
135
73
69
183
114
155
45
151
122
12
67
83
4
68
156
127
63
42
168
110
155
127
53
173
111
32
72
79
61
4
182
184
100
173
44
25
148
86
133
82
49
192
6
55
117
196
37
79
10
195
115
77
138
125
184
134
180
116
123
142
21
160
130
166
96
38
179
115
146
54
65
158
69
92
142
75
195
187
172
104
59
197
120
158
51
45
170
194
183
182
126
154
107
98
190
152
56
199
1
166
70
26
18
15
186
27
59
58
22
20
173
186
3
99
179
38
166
97
17
167
50
180
138
19
153
184
195
188
33
110
46
54
61
47
147
27
183
162
157
145
107
165
155
6
131
60
77
94
181
112
58
18
169
58
125
90
95
196
126
147
171
22
59
44
122
63
119
122
61
112
3
51
91
102
143
20
196
58
159
8
22
97
200
179
193
184
36
125
37
69
39
199
9
30
31
195
14
135
50
63
67
27
124
40
179
180
121
144
160
35
44
107
171
46
12
91
29
30
159
46
175
166
15
37
193
53
161
85
197
81
47
166
172
99
126
128
198
53
11
197
91
25
187
108
28
137
67
144
151
80
79
175
69
45
66
150
103
19
132
162
108
128
192
138
119
88
95
187
45
178
35
69
97
23
102
21
115
170
95
51
165
195
196
98
56
39
52
80
186
157
108
71
181
180
114
194
40
147
104
28
191
140
196
9
153
116
76
74
169
18
168
113
12
16
73
20
108
163
149
170
36
102
157
104
8
28
40
100
159
143
104
76
15
125
4
180
42
37
15
150
151
77
72
48
14
3
137
3
182
191
151
151
169
10
31
88
153
52
160
16
102
188
101
200
185
61
57
66
28
193
187
6
36
177
87
97
5
108
170
15
105
63
153
41
174
48
134
168
76
172
190
30
105
144
24
197
128
53
40
127
78
81
88
177
38
68
34
199
54
31
42
32
17
67
66
86
192
43
90
144
13
95
172
87
72
139
51
195
118
108
44
169
66
157
198
81
112
95
151
13
107
97
124
59
162
12
76
106
161
148
76
124
108
39
105
5
173
193
16
158
97
81
43
145
8
72
132
200
96
152
95
187
199
52
168
19
49
159
156
162
42
129
30
6
189
21
165
66
71
168
114
72
114
106
121
23
103
97
10
122
162
87
11
117
161
84
161
22
38
11
68
144
126
17
200
40
48
162
152
137
57
154
11
80
48
64
50
177
177
8
96
51
162
197
178
52
90
4
156
59
10
183
105
196
118
178
84
128
151
195
29
149
145
97
17
16
83
27
103
125
158
76
128
49
66
197
13
119
7
192
178
6
85
118
168
8
58
11
59
114
50
151
199
6
58
131
67
66
8
63
180
111
45
141
112
17
165
182
91
118
96
147
167
163
29
81
171
44
125
76
84
59
27
188
25
67
19
48
49
117
169
120
191
100
197
183
41
90
156
185
193
155
180
198
50
100
54
166
188
197
117
14
106
107
70
54
39
55
140
153
176
30
46
32
189
85
107
25
196
196
1
115
78
192
56
79
93
94
176
86
132
89
17
58
184
67
33
125
73
96
48
145
142
126
110
190
90
99
151
69
135
14
97
191
105
113
94
34
142
92
186
50
179
195
71
105
98
169
85
55
48
93
16
21
152
28
146
28
199
172
86
81
193
163
59
62
171
197
77
186
179
55
138
7
51
69
177
54
174
105
50
29
127
81
25
43
189
167
52
138
