200
1500
17
161
115
136
45
36
197
171
78
49
135
191
4
35
147
94
13
99
78
173
133
110
32
79
179
75
67
190
10
73
161
188
1
30
78
136
131
171
58
31
135
45
101
37
87
92
138
14
133
113
104
78
59
47
48
173
7
189
30
9
111
67
85
188
160
167
102
1
82
149
200
35
90
74
145
69
145
187
76
65
83
76
176
35
75
199
144
78
57
163
9
16
4
62
25
177
75
138
174
42
21
176
150
186
165
23
95
4
195
54
83
86
45
142
13
7
114
10
47
186
118
122
146
188
103
57
161
170
166
123
10
34
112
111
12
74
4
136
170
23
194
85
78
145
197
62
85
63
133
141
83
139
194
93
185
149
136
20
15
13
158
49
160
32
32
12
47
170
194
110
51
101
111
199
123
139
129
138
47
66
3
43
64
149
116
187
103
152
25
70
176
24
145
90
91
20
106
121
180
140
39
57
73
185
99
56
197
186
104
177
154
133
101
169
120
129
111
73
111
84
1
95
163
13
47
195
116
52
70
5
51
57
90
12
67
32
151
165
24
19
38
65
165
46
149
108
182
68
186
48
37
79
184
147
193
119
7
80
38
176
173
84
119
183
73
39
23
196
78
137
12
90
41
156
7
21
10
105
106
89
125
10
121
51
27
188
22
131
185
153
50
57
13
15
140
78
114
80
107
156
91
76
6
35
136
50
191
35
12
40
109
87
161
140
153
33
83
20
95
87
104
132
5
61
63
156
14
61
72
197
94
123
63
197
199
5
74
182
184
184
9
127
17
101
73
176
11
196
179
90
19
146
94
118
167
8
44
81
137
124
147
177
39
15
39
54
172
69
65
176
1
164
67
50
136
105
120
144
51
161
189
144
4
15
89
49
159
61
26
154
16
145
152
136
137
44
89
152
180
66
72
26
10
23
125
43
184
60
53
88
168
196
104
90
3
68
145
9
68
177
84
15
184
121
3
72
176
194
53
176
185
194
120
15
192
197
165
161
178
142
123
22
130
172
68
103
79
92
184
167
125
143
70
172
42
36
6
115
174
25
65
32
186
158
48
126
31
15
44
54
97
173
145
114
84
118
51
37
51
78
176
197
82
11
103
37
119
120
198
29
92
106
116
76
151
65
126
132
43
18
182
130
186
23
138
183
4
26
179
14
112
115
122
145
84
111
133
141
179
46
79
114
150
29
43
17
43
30
124
123
198
69
19
138
199
173
47
154
75
124
157
135
65
169
29
200
20
118
93
61
160
190
141
176
24
145
112
194
50
93
111
98
92
144
189
158
198
26
126
117
110
119
149
4
165
134
146
90
106
45
19
68
64
109
182
16
183
199
13
26
85
174
176
52
66
135
121
48
51
12
125
51
36
73
84
69
186
152
83
118
170
97
36
124
149
166
59
2
96
115
191
134
67
194
28
167
124
178
22
90
41
150
185
39
133
49
3
161
52
70
102
96
85
51
41
71
42
76
122
195
94
104
55
24
155
145
153
189
44
83
88
78
188
25
25
100
180
23
42
95
97
65
28
60
40
121
162
189
72
187
153
49
59
54
128
14
80
87
190
31
31
25
194
149
130
24
1
174
8
150
83
121
198
52
160
179
95
85
125
32
110
61
84
91
5
145
64
97
22
78
197
34
103
35
140
133
28
92
91
65
55
89
74
22
175
99
22
42
121
103
168
197
179
165
21
107
100
184
34
37
56
95
91
134
148
91
78
88
33
77
149
182
88
8
89
114
183
115
57
42
15
4
64
117
25
1
112
191
187
103
100
107
196
24
106
35
63
198
188
46
100
17
142
81
74
34
94
192
152
96
35
115
188
32
141
111
60
189
81
95
64
100
192
35
96
59
160
175
133
161
150
79
8
46
63
13
32
112
111
186
16
158
149
129
14
33
104
75
182
161
196
173
160
159
26
116
118
110
85
113
128
112
48
145
35
85
38
113
21
49
118
24
132
76
172
157
188
158
5
188
167
38
177
25
135
96
9
139
15
162
59
95
8
68
12
181
144
149
171
89
55
64
140
141
151
154
56
12
152
74
116
4
42
163
48
181
4
49
99
7
141
9
182
14
131
53
102
4
34
184
122
66
41
194
142
132
109
57
170
60
54
120
49
93
56
65
46
23
24
81
122
174
176
42
78
102
169
129
139
11
175
64
157
148
190
184
55
187
41
93
129
164
34
50
22
171
50
102
133
83
68
90
19
29
50
17
101
103
140
85
187
45
6
114
156
63
45
194
135
161
184
163
140
188
93
106
70
187
99
73
124
183
65
41
167
125
44
78
44
117
14
16
199
152
35
4
121
194
162
39
39
143
142
138
135
91
134
125
134
40
60
169
52
95
189
3
160
11
44
87
71
55
135
6
75
49
45
43
4
104
177
184
137
147
157
186
129
152
134
172
32
5
48
7
187
166
159
164
102
83
158
49
168
153
131
76
111
11
151
55
59
168
124
151
38
49
30
51
25
121
70
173
32
138
33
12
175
200
67
100
36
81
9
22
130
116
90
121
115
175
173
66
49
121
64
36
98
24
62
168
56
30
14
31
137
113
90
181
155
49
81
45
33
2
46
145
17
122
21
17
1
110
11
110
71
132
47
83
85
122
45
32
90
104
104
56
97
50
120
111
32
6
60
130
104
144
51
86
181
82
65
22
80
6
121
170
156
172
113
163
129
77
66
90
82
16
15
18
186
167
30
176
51
114
110
112
106
186
185
120
127
143
117
152
182
132
1
118
81
55
197
186
42
92
133
189
114
123
175
115
133
194
94
132
123
180
8
16
167
154
51
151
63
110
166
65
107
116
31
126
27
198
178
120
107
142
91
48
48
153
106
156
162
116
181
161
90
61
137
50
175
44
135
118
177
71
113
30
155
179
91
158
71
26
14
116
102
114
60
32
77
159
65
67
111
119
168
15
130
71
88
60
5
54
191
79
10
183
59
92
36
126
102
150
20
200
148
197
29
80
49
15
65
85
142
190
116
149
32
22
12
31
165
84
40
30
135
133
32
165
187
147
40
49
111
23
133
184
14
179
148
162
158
168
84
150
117
178
39
114
123
156
27
20
72
162
25
152
131
37
115
149
145
116
102
36
110
80
88
88
179
86
155
113
128
179
151
38
30
139
114
136
193
15
50
62
2
115
40
45
26
54
162
15
162
114
118
193
75
90
88
188
94
28
115
63
112
198
53
111
129
16
171
129
74
149
145
137
185
189
131
187
192
83
93
102
97
93
40
8
90
24
181
50
42
186
106
136
190
87
93
106
164
128
50
20
174
132
27
97
54
171
51
173
187
93
92
3
132
76
177
133
30
28
193
38
51
57
68
32
7
125
88
146
72
191
171
10
114
70
149
150
165
116
187
34
193
70
193
27
83
35
51
17
115
91
162
56
70
182
