200
1500
14
8
55
127
69
8
195
135
156
175
122
2
13
146
191
61
60
14
95
186
133
118
72
110
163
37
93
191
61
102
41
142
49
7
120
76
125
41
19
163
79
197
178
70
196
95
115
63
91
21
179
109
62
161
193
116
151
198
47
132
179
182
175
42
149
40
49
133
142
118
110
13
85
36
81
68
187
79
174
157
24
174
188
157
10
186
7
166
19
68
188
38
135
58
76
141
38
77
79
188
93
23
29
173
124
93
51
129
24
82
15
173
147
127
143
131
189
148
140
76
193
103
82
179
137
126
18
105
70
37
191
167
116
6
114
195
162
198
145
99
187
85
47
50
136
181
110
77
142
107
72
13
191
199
97
69
33
200
95
44
66
45
64
61
29
142
32
125
45
75
76
78
13
145
167
43
59
157
19
161
59
88
137
108
114
188
40
55
126
44
46
168
5
53
200
12
161
72
78
115
133
27
96
141
94
129
57
157
47
145
134
87
98
7
179
66
2
55
46
33
27
15
57
78
181
88
86
47
77
102
71
39
146
62
101
73
35
45
103
162
96
41
64
181
41
121
34
56
165
14
91
14
161
85
142
11
115
168
197
72
115
17
124
70
168
40
16
83
148
5
57
111
141
73
41
105
136
127
63
11
58
121
125
109
179
53
187
90
135
53
175
91
140
10
152
130
28
146
20
167
36
192
168
128
88
119
161
169
123
34
150
34
163
13
38
27
121
20
60
138
192
103
183
172
103
139
9
143
3
79
150
150
135
122
141
121
30
183
198
7
13
101
68
65
160
140
195
128
149
22
14
121
124
83
74
187
126
46
181
161
162
100
92
156
93
25
156
131
113
39
95
13
96
123
167
118
52
179
64
7
140
109
33
11
115
158
144
95
173
172
179
16
65
142
122
95
83
173
70
175
24
174
17
25
123
45
81
173
188
13
147
51
123
158
127
164
24
103
162
21
136
40
113
88
86
78
56
169
29
152
47
199
12
61
98
87
164
9
38
137
132
93
114
14
156
57
73
200
128
18
199
16
72
14
73
104
142
99
175
100
24
185
190
32
42
149
16
150
176
94
151
6
11
70
146
54
2
188
3
94
190
106
164
44
68
56
121
196
6
171
103
140
180
109
132
200
124
189
145
50
15
7
120
129
176
17
124
90
162
148
90
15
145
128
59
158
119
52
48
44
141
105
92
33
76
30
59
143
105
70
144
68
74
7
7
139
147
154
169
156
63
140
177
77
66
160
68
125
127
68
36
81
32
154
61
71
189
129
113
120
52
197
98
61
196
51
135
9
160
12
34
15
113
54
146
4
88
169
144
86
32
183
153
72
154
140
179
47
175
50
26
134
134
120
84
151
170
1
2
3
127
18
164
84
187
114
122
126
61
169
135
99
119
46
177
92
67
35
84
146
194
89
197
117
84
117
198
35
120
144
126
48
80
25
196
46
193
128
101
34
123
63
121
3
195
143
78
160
87
12
60
146
1
40
148
36
122
116
51
137
183
144
105
173
96
154
180
121
13
67
194
68
119
10
183
147
126
150
185
181
150
56
75
182
42
114
35
37
69
139
28
33
166
133
6
136
180
183
174
118
34
181
123
177
200
10
181
165
94
98
56
116
82
54
107
114
64
179
67
167
38
153
117
155
70
40
103
82
100
152
170
97
2
30
134
125
180
166
12
93
55
41
148
164
36
98
42
91
99
5
160
133
153
91
134
192
17
15
161
166
171
64
80
30
156
184
2
158
109
147
53
116
24
10
49
71
39
153
3
77
68
108
176
144
83
132
114
27
194
145
43
81
186
89
48
75
91
122
171
128
146
14
33
137
91
100
134
83
105
9
124
150
132
53
184
6
84
96
65
1
113
176
159
88
169
107
134
161
147
69
8
174
63
116
139
97
152
15
81
1
18
65
82
102
147
197
92
181
62
190
166
163
49
99
150
176
179
89
9
13
69
58
156
177
7
104
99
102
55
13
61
20
149
171
136
155
52
146
69
124
185
75
44
17
13
27
118
66
30
189
82
171
177
119
38
77
19
110
72
75
79
173
17
31
32
145
175
170
94
148
15
71
109
108
179
28
187
69
145
113
135
15
58
4
168
9
4
21
139
153
13
59
18
186
2
199
90
93
55
66
112
29
57
21
56
39
178
7
195
48
172
18
144
18
64
66
136
161
144
157
4
177
61
139
19
151
155
103
111
134
177
1
20
58
66
92
108
114
165
125
88
187
143
173
161
162
41
12
112
150
13
13
73
157
159
9
123
17
179
172
146
15
150
71
154
14
95
183
22
34
126
136
32
103
36
16
15
118
176
139
34
158
140
100
101
199
188
131
33
162
140
199
185
65
108
183
9
82
152
142
200
15
191
83
5
115
135
128
25
98
143
97
18
63
2
170
23
69
143
161
91
156
93
175
31
141
11
191
74
153
24
93
69
120
146
121
92
168
96
168
93
42
8
117
109
13
171
152
147
19
6
79
92
119
159
114
40
173
9
22
186
52
71
181
12
179
147
120
58
199
59
156
92
33
118
153
44
88
181
100
168
178
147
52
75
174
176
113
78
197
63
96
22
23
161
136
149
23
160
106
139
72
194
153
180
32
166
184
8
163
188
95
166
23
47
26
143
55
48
150
61
188
14
153
150
152
98
39
115
52
108
90
147
2
107
64
2
126
132
176
11
137
107
84
140
190
163
192
41
35
77
139
11
127
23
191
184
17
176
32
154
51
125
152
45
116
63
1
87
63
42
170
146
160
56
169
147
56
53
8
125
24
127
200
61
168
161
179
169
144
127
10
100
2
48
65
47
55
26
72
99
144
10
121
37
153
39
96
178
34
10
94
21
124
136
12
169
16
143
81
199
139
113
137
144
20
151
115
88
110
135
78
40
121
67
140
70
184
106
63
140
22
155
133
154
40
115
87
103
189
145
11
192
81
76
11
105
113
5
52
112
36
152
106
166
111
4
104
160
9
119
13
156
179
50
87
104
8
4
75
164
49
80
154
179
11
146
23
28
54
65
7
44
90
47
157
43
107
199
50
140
96
164
19
126
139
9
49
6
89
26
93
40
40
177
183
43
199
187
98
139
23
85
177
18
189
87
170
138
185
13
51
149
94
190
95
132
90
3
189
39
29
87
149
25
94
172
33
6
192
172
133
78
144
160
38
59
182
104
145
2
168
17
17
89
26
88
114
73
170
33
49
46
29
182
151
174
103
171
115
132
160
44
35
163
9
186
91
36
11
8
40
72
122
146
53
76
113
18
143
57
132
37
56
140
41
193
121
14
17
62
141
83
193
59
21
181
91
108
59
5
69
74
144
79
191
101
195
98
3
174
9
110
115
102
59
197
155
17
141
99
93
155
194
180
41
64
184
85
75
133
45
50
138
133
55
39
126
160
138
