200
1500
21
125
164
158
167
10
85
28
162
84
105
179
182
53
19
79
6
58
108
163
54
72
149
35
162
112
177
47
52
75
69
185
114
182
8
13
170
131
16
155
11
132
193
8
120
188
45
69
97
75
85
172
22
107
150
51
56
46
165
13
103
97
40
12
122
37
40
182
101
30
172
128
123
31
48
22
125
92
150
192
171
161
56
164
62
58
77
121
114
59
199
200
15
11
122
41
108
51
2
149
101
46
140
150
95
98
35
178
100
1
169
11
27
143
20
60
13
142
56
104
22
37
52
68
141
58
51
19
3
112
169
113
165
14
176
9
183
168
140
195
105
132
194
79
119
199
175
191
61
193
113
156
144
65
162
42
186
94
159
159
171
194
176
31
135
45
68
138
107
194
175
170
170
133
186
156
100
116
101
138
73
9
47
9
35
175
191
5
20
86
154
171
136
196
124
60
174
184
40
168
1
2
136
162
54
168
192
169
189
164
36
36
31
178
197
65
186
84
133
28
137
125
63
86
73
42
59
36
74
191
56
77
199
76
69
188
168
44
64
172
149
152
12
113
25
3
176
114
103
45
184
85
200
111
67
84
38
77
29
54
197
51
88
94
94
136
58
152
66
17
160
106
107
58
163
84
93
12
157
183
132
142
102
151
26
22
107
174
197
119
149
82
48
37
5
111
73
128
122
150
61
194
155
91
162
119
144
151
111
197
18
123
133
166
159
66
169
120
150
100
96
78
50
160
54
34
95
183
194
7
4
166
190
82
112
166
124
190
45
64
50
99
80
122
178
180
124
75
33
139
53
169
167
152
197
93
157
145
109
5
161
145
122
198
157
40
81
21
38
146
93
84
177
54
80
153
130
17
89
60
127
23
116
153
74
171
13
175
84
81
101
126
76
87
108
36
50
10
39
176
25
161
121
17
88
99
158
81
31
74
159
56
135
163
33
97
56
53
23
193
3
180
131
198
5
194
57
150
116
68
158
151
192
168
118
156
14
93
39
190
41
164
24
73
91
145
164
33
147
28
54
46
146
104
14
196
75
123
87
83
98
155
10
143
137
69
50
96
77
171
135
166
167
138
75
82
116
117
89
93
109
44
170
197
82
41
152
46
85
78
129
6
60
60
51
4
10
95
144
155
31
164
147
124
101
135
43
103
182
29
188
80
76
66
177
6
176
190
95
160
91
80
88
152
85
167
63
185
172
191
114
27
95
157
193
9
8
197
139
189
9
125
167
34
99
136
118
75
110
169
96
67
49
111
46
40
99
159
187
67
50
62
108
87
162
21
60
119
144
42
103
114
151
34
195
152
78
173
200
140
49
113
177
70
157
26
28
114
137
114
94
38
183
166
149
15
194
40
196
129
93
151
128
94
166
42
20
134
174
168
102
32
79
92
69
144
63
61
2
125
140
162
163
30
93
165
39
128
157
147
82
109
193
12
77
81
106
129
118
123
160
35
71
101
181
42
150
150
182
15
189
173
50
131
95
124
26
35
136
61
125
159
105
190
114
139
123
120
57
192
136
167
139
173
175
32
104
158
4
105
149
160
123
19
35
58
91
137
85
120
68
5
53
90
41
134
54
197
136
177
127
186
152
32
15
137
193
185
136
68
184
139
180
59
189
153
53
4
3
13
132
126
64
92
94
100
31
177
33
187
106
61
162
197
72
166
54
14
74
58
120
75
70
112
34
192
1
100
192
16
184
164
79
4
64
48
1
99
74
169
96
122
200
97
169
135
57
105
115
91
185
85
41
135
186
127
137
194
87
157
103
133
110
121
199
52
110
103
155
184
10
199
59
20
162
83
111
69
196
96
58
149
93
95
109
57
119
127
113
158
118
170
46
166
165
111
147
85
176
178
194
156
78
187
9
110
153
63
97
184
68
148
27
47
39
150
46
100
55
7
164
142
162
146
165
81
30
184
138
79
5
165
175
181
90
105
64
99
124
95
41
149
99
67
116
187
1
101
195
160
142
136
176
148
199
32
191
193
172
140
176
93
114
198
28
135
136
21
63
89
29
43
177
55
79
28
10
75
25
16
57
83
151
154
55
62
88
162
55
11
165
130
53
174
108
78
134
138
112
35
49
49
19
34
195
63
157
65
119
69
66
173
92
45
78
70
109
133
167
68
107
108
190
82
120
166
133
28
31
144
17
27
137
13
67
32
47
130
117
119
62
108
195
46
129
21
164
80
21
94
49
149
58
82
183
102
111
88
2
138
32
128
195
3
108
140
100
82
144
40
106
63
85
76
169
49
170
195
136
109
54
29
69
79
106
61
189
13
102
103
159
165
140
7
142
2
21
129
181
70
52
93
152
142
194
124
2
164
11
59
67
71
64
175
6
190
73
24
26
190
124
129
9
99
70
138
23
88
36
28
144
93
155
129
45
179
165
186
115
146
76
111
115
143
178
67
102
112
135
147
43
28
25
94
132
116
184
62
49
7
80
145
146
27
23
61
164
176
25
8
116
64
169
171
149
118
116
69
177
140
69
30
99
97
127
177
150
192
43
76
103
130
85
175
55
145
9
45
64
6
160
55
191
149
82
70
87
28
58
44
176
191
153
1
57
43
55
17
150
130
144
132
57
20
192
120
123
95
126
129
16
198
66
81
172
161
200
70
76
174
30
194
20
131
62
75
156
130
49
48
142
31
24
95
196
34
104
119
65
177
9
35
174
151
21
158
122
126
177
133
12
54
132
147
187
32
165
29
166
176
173
145
200
36
54
29
49
176
177
162
151
167
93
56
4
41
11
18
84
75
179
60
65
8
31
185
57
37
169
23
48
129
21
116
11
18
101
9
68
80
4
15
43
169
3
47
120
7
21
143
184
39
189
27
107
124
57
92
196
104
165
180
100
179
71
79
162
96
160
79
140
19
143
145
132
47
66
175
168
155
14
196
162
11
159
3
15
94
118
43
187
186
31
64
158
3
50
145
164
198
177
175
2
176
118
143
186
82
161
107
48
187
126
150
150
32
130
104
175
1
185
200
143
188
49
36
9
51
67
120
139
72
135
164
134
84
191
176
152
141
154
170
27
47
127
189
55
124
39
166
154
48
1
112
160
159
45
64
25
35
87
88
164
36
167
144
120
88
100
23
179
38
23
33
149
177
84
104
136
140
37
64
131
51
84
109
45
31
173
143
20
57
17
105
149
167
151
55
77
9
80
110
12
47
140
31
126
72
7
133
195
52
132
183
72
54
27
94
119
86
38
176
64
27
24
193
131
43
103
24
110
68
82
151
194
163
99
31
43
180
138
101
165
38
160
46
128
61
68
162
67
141
161
155
176
38
14
139
13
121
175
103
110
107
190
131
75
162
182
62
174
182
116
38
143
166
70
161
189
98
150
144
85
145
91
191
18
92
43
71
180
176
80
29
62
190
77
173
99
82
