200
1500
75
88
96
28
100
38
47
196
106
82
190
121
10
188
23
52
75
150
169
154
25
152
58
137
134
199
195
13
142
148
181
74
114
123
190
24
99
84
120
162
82
102
192
87
128
114
85
12
174
200
101
18
198
197
160
81
29
56
131
162
57
163
96
48
35
195
176
175
23
110
153
49
23
113
125
8
144
53
48
131
113
111
178
60
123
68
3
181
152
23
149
34
18
176
154
77
51
47
111
114
61
199
7
20
78
184
93
98
158
68
62
91
187
115
121
44
125
157
48
68
91
177
174
84
189
131
66
50
110
171
147
143
95
142
193
138
18
28
133
144
172
21
6
171
124
25
165
181
114
121
38
100
138
77
200
189
199
13
190
19
193
178
183
12
42
190
93
24
37
71
160
10
98
154
28
195
79
138
191
24
72
83
111
38
58
158
129
190
166
97
138
38
45
120
92
102
98
64
177
34
174
131
159
144
70
57
102
186
154
63
54
25
72
187
31
121
190
194
2
154
165
46
199
157
194
97
180
23
186
23
129
82
174
104
79
150
171
151
153
122
17
44
54
149
82
80
49
94
150
183
149
175
106
142
51
13
123
136
141
110
22
98
181
138
37
199
36
124
105
186
47
65
168
186
152
48
102
39
114
161
1
94
125
100
30
67
100
157
157
95
196
100
40
82
97
125
50
34
135
150
175
31
81
22
95
123
68
4
124
68
122
27
59
137
27
119
21
39
117
19
47
173
42
139
80
99
19
189
70
8
89
93
114
179
101
196
126
196
191
100
125
128
26
154
148
35
21
65
170
135
197
145
46
175
131
162
82
60
200
134
82
172
35
57
121
2
37
196
137
174
21
50
121
170
189
2
49
145
135
82
84
104
173
37
37
53
46
169
107
133
101
23
70
179
112
151
32
42
84
152
51
125
142
28
103
140
123
135
32
13
129
143
198
114
109
107
127
195
14
141
115
118
89
3
7
147
34
171
146
61
33
118
189
163
174
160
74
70
17
106
14
12
70
25
92
159
96
109
152
33
95
92
143
110
58
106
199
93
4
157
160
31
62
28
47
194
134
58
12
137
166
75
61
185
178
47
46
103
197
126
46
166
176
66
88
84
160
24
189
129
139
5
196
72
90
158
30
190
115
151
198
199
143
40
92
2
148
96
17
129
108
11
115
88
186
102
25
105
68
120
200
109
170
13
82
21
46
120
145
187
195
48
37
26
63
154
25
123
109
21
155
43
73
57
28
187
181
74
173
48
57
111
187
76
82
40
126
62
122
26
16
129
27
68
63
143
85
38
43
68
38
153
55
53
180
59
23
155
189
169
83
180
22
104
18
88
138
111
62
193
157
161
142
122
37
109
21
194
63
199
116
189
168
200
112
160
12
145
71
187
78
73
135
3
200
135
52
182
113
16
57
83
184
148
62
104
55
128
73
181
116
112
175
41
152
32
47
1
171
103
143
172
137
171
34
184
55
182
111
118
24
109
172
191
31
21
155
8
63
126
94
83
184
72
173
17
137
120
61
134
182
51
158
117
68
113
43
40
134
156
189
134
160
155
22
145
107
59
101
158
167
150
196
189
115
91
121
109
193
96
7
18
164
148
179
80
186
141
86
169
68
121
90
132
60
174
117
129
181
171
37
142
132
124
115
100
121
161
27
54
19
84
69
1
195
118
144
178
81
158
80
138
1
178
92
172
114
159
48
66
165
181
73
136
88
170
46
196
2
36
100
160
64
171
140
112
108
50
194
27
165
109
125
21
117
169
172
116
97
40
127
14
121
109
46
78
59
94
160
175
200
84
166
28
87
101
61
117
172
144
163
180
135
51
140
113
97
117
127
193
129
165
90
194
162
24
21
126
83
55
70
100
101
164
8
190
151
62
179
6
154
103
17
83
147
198
35
115
170
147
135
3
74
28
186
48
89
189
160
131
47
18
200
200
114
192
98
120
79
196
96
161
174
158
128
189
188
191
122
136
68
141
52
135
70
103
95
59
39
6
113
123
47
32
165
2
29
67
88
138
106
180
199
121
195
170
84
34
172
180
167
65
164
100
59
136
28
8
162
186
175
18
152
156
79
154
8
127
47
182
23
14
66
1
109
171
182
62
167
154
184
94
30
107
189
170
182
138
1
56
99
147
37
103
10
88
176
65
138
199
135
71
67
68
191
24
13
87
193
139
58
109
160
39
103
194
103
43
119
27
91
82
158
173
104
139
141
83
167
3
46
92
113
3
63
194
176
37
155
198
57
119
165
79
1
84
4
134
123
21
104
21
139
21
190
17
162
86
19
62
174
24
81
100
14
6
132
142
175
27
61
184
140
10
26
6
180
45
102
138
165
164
106
62
148
20
15
12
145
120
191
118
51
195
44
50
6
16
26
79
42
28
68
32
188
63
43
10
61
130
75
151
127
14
49
150
46
27
191
112
100
22
182
100
178
92
121
25
57
163
143
71
185
60
4
110
41
9
147
180
29
139
139
189
170
31
128
17
110
167
57
156
167
83
17
132
100
41
170
73
108
82
103
7
81
47
193
93
7
128
63
58
152
153
199
142
138
63
66
50
113
117
2
53
75
29
119
173
192
42
170
178
148
14
26
15
85
76
16
156
36
20
171
138
137
22
108
97
24
79
167
140
123
120
98
167
78
93
139
104
123
153
112
126
168
120
200
129
80
157
59
81
31
29
92
157
19
182
10
117
8
86
72
167
119
99
81
139
69
3
180
55
161
102
44
186
4
172
181
109
161
46
131
6
142
162
192
45
18
187
134
20
7
60
43
148
196
111
28
108
133
196
43
115
94
17
182
74
152
25
180
68
116
195
158
133
58
123
25
132
140
3
156
84
11
43
36
188
184
11
30
186
130
168
126
22
21
122
161
35
157
164
152
22
30
31
48
106
158
17
125
88
60
101
151
65
157
12
6
33
146
133
37
115
167
166
113
122
18
33
150
163
29
1
87
183
103
87
168
144
126
163
118
84
156
162
18
35
79
36
147
6
109
24
57
7
106
126
5
112
123
152
91
145
145
94
92
164
105
17
132
85
76
73
168
193
24
59
53
131
180
115
141
11
32
190
20
180
136
141
39
119
4
19
97
165
189
161
92
184
115
169
179
138
70
152
81
187
92
191
196
111
15
75
37
90
125
126
140
190
199
115
162
109
1
123
88
148
70
63
140
36
159
33
183
191
148
200
6
197
170
188
168
47
180
194
76
113
122
194
8
41
101
168
16
107
9
173
188
40
187
147
177
68
93
149
105
91
63
131
105
3
143
147
87
197
187
86
166
163
148
170
61
5
46
68
77
65
38
160
37
164
98
40
159
197
196
29
79
129
194
131
7
120
124
17
161
166
112
6
53
83
186
177
123
35
60
162
58
60
126
96
139
154
192
128
102
116
122
132
