200
1500
76
184
166
59
115
67
125
178
89
18
44
33
71
164
75
4
99
182
115
38
118
5
53
26
37
92
25
143
84
124
8
147
64
77
5
30
65
131
36
96
45
98
189
55
125
134
24
187
139
130
122
88
171
142
129
2
18
60
20
38
142
85
87
187
88
62
167
181
170
119
50
125
125
138
101
72
12
20
14
59
28
179
86
96
96
53
188
74
59
178
47
57
167
73
67
63
172
197
67
192
170
74
72
50
163
130
45
150
34
187
165
128
195
61
10
108
137
148
21
158
68
156
178
134
121
163
37
37
91
83
148
174
193
62
90
51
58
154
190
151
148
17
194
21
112
62
92
29
12
122
61
184
67
41
183
186
8
106
126
41
131
190
106
91
24
104
170
154
123
103
181
3
199
113
181
188
56
27
27
48
64
140
27
33
53
178
184
146
8
168
127
186
160
57
175
69
76
26
25
24
96
148
139
62
121
191
14
151
20
53
79
198
77
14
5
5
61
36
34
142
127
161
194
73
107
88
47
184
3
36
24
186
85
23
82
82
126
167
122
55
14
55
75
115
79
108
96
113
60
100
26
60
116
75
65
107
24
69
75
156
198
80
102
81
36
64
75
15
159
118
75
168
31
128
169
2
118
43
182
198
90
44
176
111
116
9
177
14
155
39
82
100
93
15
72
114
2
177
41
134
182
182
49
35
192
126
194
175
63
17
156
88
123
177
87
110
124
117
67
157
183
151
196
53
99
64
31
34
5
5
113
166
74
194
108
187
48
34
156
180
35
47
125
122
25
81
140
133
81
131
23
47
178
116
124
48
84
153
134
147
29
22
24
155
49
107
97
89
182
152
108
45
187
186
185
104
126
200
41
48
173
46
106
150
122
185
161
128
34
92
44
111
58
68
123
41
144
32
155
85
125
124
29
197
63
141
131
78
24
47
26
73
40
2
120
60
116
65
41
37
64
33
115
176
57
171
178
159
191
125
169
189
154
156
173
18
29
191
190
183
37
134
48
64
61
139
86
81
137
149
34
69
175
187
128
94
8
6
67
176
147
78
9
26
121
183
64
136
99
141
82
175
67
95
128
17
10
49
35
166
182
82
40
130
62
73
86
172
183
195
37
123
8
21
79
145
185
134
95
6
118
158
103
137
61
2
20
84
94
90
197
136
176
144
85
20
171
19
39
22
171
169
136
108
133
191
17
55
142
56
158
16
62
140
52
13
2
2
81
78
70
62
147
89
160
95
69
72
51
189
107
137
182
19
106
100
11
66
163
141
68
158
20
29
194
91
63
76
130
87
159
184
58
147
13
50
117
120
36
42
135
80
168
134
94
2
57
118
56
31
97
124
91
193
15
115
14
136
12
170
145
111
61
151
108
143
24
176
108
121
197
174
60
87
194
5
2
93
98
58
80
70
84
16
5
169
120
177
136
9
186
86
111
82
87
101
170
175
189
198
53
131
16
180
97
140
198
179
179
11
120
65
181
191
43
161
127
27
119
5
23
198
169
144
110
181
66
146
125
3
114
148
86
165
162
179
102
119
88
186
167
86
91
146
143
119
80
116
140
86
193
22
4
199
140
151
28
79
97
32
46
91
50
199
183
46
157
68
140
67
128
55
39
179
88
182
200
133
178
50
91
154
125
127
22
145
161
188
196
144
65
159
106
166
181
104
143
108
106
148
5
48
111
24
32
83
154
138
193
133
97
68
101
200
32
144
91
37
41
15
100
80
11
73
64
24
141
7
50
50
180
49
12
21
1
138
11
53
127
16
159
12
94
42
190
8
111
71
60
71
2
110
149
175
120
63
71
63
173
34
154
153
124
169
33
25
37
82
161
41
67
116
9
5
18
93
116
45
1
69
161
186
129
4
56
89
118
145
155
67
67
191
198
195
68
110
115
123
123
167
92
47
66
129
73
95
179
134
84
159
111
43
34
82
51
186
98
180
187
18
143
126
15
21
142
88
80
4
21
97
112
75
75
163
166
138
141
192
77
134
41
116
68
166
116
104
3
64
59
13
27
143
177
27
87
75
164
13
84
169
192
80
162
44
100
55
155
90
22
98
130
196
195
53
119
191
16
23
187
54
188
67
36
21
194
22
149
148
2
97
32
73
176
185
88
56
15
11
84
17
20
199
190
101
168
167
60
40
156
164
200
170
22
188
42
103
185
125
40
42
32
34
192
36
96
51
162
13
6
181
158
20
181
167
63
88
123
148
106
94
199
9
60
33
188
43
75
68
131
198
35
74
110
106
61
194
143
121
126
43
3
185
196
153
144
39
85
179
116
118
196
192
12
113
155
73
36
40
154
19
108
46
183
107
163
57
2
57
110
2
50
115
121
128
53
68
118
98
129
35
102
48
90
11
164
84
142
120
58
189
48
123
16
105
61
126
176
162
101
44
89
191
173
93
23
114
195
177
65
32
28
155
66
39
134
155
109
174
16
179
76
51
150
105
73
72
156
12
93
73
31
179
55
34
122
39
163
89
95
69
94
84
20
197
118
35
2
12
150
133
23
81
18
24
167
149
151
12
99
113
48
129
113
196
144
162
83
14
107
128
85
101
176
191
166
148
91
177
163
130
191
91
127
171
21
183
199
105
123
162
60
67
171
59
72
93
60
130
141
3
174
108
139
119
80
74
14
40
174
149
84
197
61
128
180
59
166
81
135
176
164
70
108
37
117
75
108
162
13
72
198
3
16
104
167
25
158
164
149
181
36
140
50
156
69
19
58
115
194
197
114
91
118
116
66
101
197
81
192
45
37
65
32
172
76
162
34
149
10
40
108
140
156
59
113
4
159
136
142
114
63
154
111
83
33
28
79
7
89
52
199
66
150
93
87
105
194
16
32
145
155
45
92
52
15
146
154
15
139
179
11
15
170
116
191
98
86
50
22
22
119
188
182
176
133
40
87
10
11
10
179
52
34
82
65
111
162
112
102
46
5
47
140
194
194
165
17
50
25
112
73
4
140
164
24
198
119
196
111
136
57
72
89
71
187
171
11
185
8
81
181
86
140
158
174
112
12
163
175
47
98
62
186
95
30
63
148
44
55
189
134
166
49
132
5
21
37
5
196
37
65
14
42
14
91
52
48
13
141
122
113
151
2
73
93
140
200
154
41
4
113
16
186
48
186
113
18
113
96
90
175
152
59
97
157
1
10
50
78
46
193
56
169
170
150
128
18
29
6
63
179
33
43
20
15
87
92
78
150
119
199
193
148
113
106
24
63
108
106
22
61
98
1
127
179
112
151
111
142
64
129
168
62
149
105
8
76
42
176
194
59
200
4
9
114
148
11
127
46
144
71
86
7
97
133
120
18
9
156
160
28
32
98
81
119
153
80
72
65
181
172
77
153
182
103
36
27
110
90
106
14
76
23
39
16
54
189
188
200
74
