200
1500
56
59
191
44
146
91
115
161
135
44
116
193
27
157
85
181
70
30
64
129
46
100
130
53
184
58
58
185
191
186
167
154
161
133
88
72
43
138
112
71
140
64
166
50
108
39
177
156
114
147
147
84
6
30
82
166
25
9
91
51
57
60
75
194
152
102
70
159
85
179
80
132
35
2
140
172
177
44
62
69
93
134
163
168
163
146
102
72
145
12
56
115
193
194
118
83
93
111
43
156
113
186
89
115
92
180
2
32
59
108
66
182
140
188
57
132
189
51
95
188
167
124
82
81
79
68
55
85
77
85
41
145
124
10
4
81
41
32
115
123
99
37
104
101
175
115
191
160
6
135
51
113
194
81
78
150
176
94
115
105
148
67
5
130
8
179
12
86
76
190
4
130
20
132
126
95
128
49
159
121
195
26
173
99
103
167
41
140
54
31
144
113
120
181
176
114
95
136
73
147
81
49
128
117
154
138
32
68
78
130
67
77
132
168
93
1
111
45
179
174
127
9
80
196
189
182
96
58
108
98
77
85
85
33
11
131
193
168
47
101
94
136
91
127
88
200
9
154
171
175
36
12
193
153
8
192
191
35
7
84
65
180
95
196
58
174
86
43
19
120
153
197
111
83
43
155
2
130
71
199
24
127
172
75
49
147
137
147
159
47
139
3
157
31
74
38
9
82
113
182
67
194
15
55
186
124
5
77
166
11
143
63
24
23
106
123
116
172
111
153
34
199
170
51
58
191
157
56
41
169
129
100
124
92
30
98
137
147
161
4
39
2
51
82
74
17
80
154
160
166
8
67
40
187
149
169
57
158
121
82
77
122
137
86
49
91
193
12
51
112
18
149
63
159
160
157
11
54
24
165
88
159
37
81
27
152
52
170
109
195
160
70
105
9
21
5
2
106
164
181
130
82
20
100
119
167
175
148
85
85
5
22
25
125
54
170
15
56
157
75
120
178
143
66
2
79
76
81
197
167
97
83
155
72
3
9
34
195
161
164
160
149
185
177
75
121
95
140
181
198
48
129
96
51
83
134
153
58
6
130
7
22
146
10
79
171
79
26
21
167
38
65
105
145
166
37
44
51
39
40
64
37
40
150
104
135
42
200
101
19
94
64
109
24
188
108
52
64
179
103
170
81
146
157
127
3
49
118
79
171
42
65
68
93
146
86
135
2
134
161
145
161
98
122
35
103
173
79
23
77
118
158
100
66
67
138
122
12
155
34
63
102
65
159
159
190
97
134
131
70
74
140
115
181
10
174
196
14
71
119
8
47
43
94
5
17
24
138
150
16
28
88
168
179
180
162
198
109
80
110
70
124
165
42
147
173
159
142
168
69
166
149
143
107
90
96
114
100
166
158
25
54
79
191
192
43
139
140
163
137
160
22
27
199
8
72
67
51
102
175
142
97
177
171
94
12
139
55
73
149
121
141
125
55
12
17
139
108
28
68
196
24
8
33
198
160
101
60
118
42
110
153
94
24
88
87
183
176
88
159
10
127
170
158
126
3
31
96
85
135
195
85
40
178
27
88
46
142
125
127
1
77
16
166
87
168
94
183
47
57
90
32
15
88
128
66
89
176
69
187
17
103
174
90
58
131
161
99
27
19
77
61
37
190
129
130
92
143
32
56
162
149
74
111
199
16
199
61
136
72
126
72
35
67
8
98
54
156
199
123
168
4
184
92
23
131
163
114
185
153
166
188
160
73
176
31
117
71
187
188
188
177
33
14
44
163
19
59
81
91
41
70
4
166
123
197
184
186
115
6
132
138
123
35
112
55
86
108
188
34
167
141
55
197
30
140
24
28
118
65
166
86
85
69
101
144
35
126
1
157
5
75
126
136
76
168
39
81
152
164
87
94
38
149
47
77
58
125
13
19
78
162
18
14
97
39
4
91
64
191
84
133
52
129
191
119
184
23
103
21
54
58
148
172
54
153
7
62
30
33
65
26
105
53
133
162
181
70
169
190
108
19
2
83
91
131
136
140
141
2
78
167
78
82
65
53
46
43
78
124
48
61
122
177
149
11
124
40
92
74
27
134
15
13
52
89
55
63
130
51
50
32
41
85
15
31
126
65
140
169
72
64
117
197
76
40
78
157
181
84
165
145
24
37
139
98
188
200
25
200
18
46
84
5
179
10
81
108
45
161
191
117
195
106
23
30
93
31
168
58
108
188
119
41
133
64
93
151
86
160
78
134
56
104
170
16
70
64
128
68
173
155
39
48
127
101
200
85
105
191
82
102
47
110
84
200
50
107
140
169
163
115
66
66
34
68
108
182
44
25
114
97
75
144
41
167
83
145
42
36
146
102
165
89
160
88
56
84
37
33
58
59
142
190
136
26
2
31
75
157
181
188
188
64
132
195
6
124
66
158
187
149
83
81
93
124
180
196
193
161
118
50
171
193
137
108
154
176
65
12
180
39
187
56
98
189
50
177
183
134
77
167
198
24
25
129
59
20
28
107
168
10
41
143
142
21
63
160
173
26
45
91
72
151
158
94
37
89
106
60
144
102
48
151
189
94
189
8
186
79
41
113
161
63
163
87
72
70
106
176
107
125
126
177
2
130
152
48
93
111
141
145
6
163
11
190
141
133
98
77
44
112
83
49
192
144
178
94
113
165
170
3
86
67
158
178
96
32
159
62
185
81
169
90
108
200
101
104
173
132
7
63
149
139
81
159
119
73
167
42
190
126
197
10
73
53
105
139
96
151
50
39
60
120
188
82
175
85
31
116
113
65
110
186
8
39
146
119
38
153
55
100
188
182
90
1
14
93
152
154
8
78
146
141
93
171
40
113
126
100
55
90
93
85
11
177
197
103
153
11
183
181
126
94
129
66
43
200
71
130
2
118
48
176
14
94
150
17
169
176
158
152
131
102
23
188
100
61
191
102
169
6
190
114
5
33
187
187
73
79
36
197
190
141
12
7
12
175
122
165
90
151
118
150
98
132
37
98
181
153
159
57
131
28
17
150
194
19
14
125
176
199
10
132
11
144
39
1
48
89
111
199
73
186
128
90
82
41
10
130
200
137
66
73
56
113
30
76
18
94
39
92
185
30
131
86
24
17
20
22
188
126
109
124
49
29
133
189
188
82
3
31
37
123
198
156
161
99
180
88
126
186
113
119
36
82
17
138
125
146
83
117
100
100
59
5
179
198
5
197
41
183
123
181
176
116
143
176
44
83
7
78
178
74
183
193
150
56
88
23
21
24
109
87
53
180
26
48
198
200
146
53
99
133
141
197
70
148
184
101
77
158
3
55
41
8
114
19
143
100
46
142
181
122
195
135
118
83
123
3
197
167
51
41
111
120
3
8
141
5
136
46
71
142
166
26
182
22
86
49
97
14
160
14
34
70
164
24
130
110
25
113
41
34
159
57
81
130
36
122
