100
500
6
44
36
82
38
82
83
53
84
23
11
31
42
75
47
61
80
57
45
9
15
84
55
23
36
3
32
32
63
19
74
45
89
42
69
53
99
69
18
25
82
83
93
43
37
20
33
55
76
16
24
59
62
63
65
100
66
74
93
64
87
23
69
41
12
45
26
11
22
57
87
54
74
71
77
37
61
40
5
94
42
30
63
81
69
26
76
63
22
9
87
1
46
22
16
20
60
48
8
96
93
45
68
95
59
54
80
53
31
33
90
9
36
16
2
45
77
17
72
1
28
46
33
74
81
3
70
23
55
51
70
59
80
75
62
37
2
2
28
64
85
6
17
39
65
77
24
16
54
91
20
37
59
100
85
75
8
93
74
87
91
91
62
32
47
49
96
17
94
62
81
99
60
23
3
46
2
17
78
23
41
32
54
24
21
60
11
54
46
35
97
90
53
26
2
84
45
53
100
70
36
3
75
77
4
20
97
68
28
35
91
94
78
80
95
80
64
62
22
28
94
70
93
6
99
5
93
70
9
96
29
95
47
59
81
45
32
51
77
92
45
54
42
53
14
16
88
89
21
80
66
83
38
35
91
79
47
64
89
54
21
90
78
10
52
32
89
56
34
89
75
84
100
89
19
67
43
61
77
89
58
94
76
11
49
32
76
45
89
87
67
72
30
74
22
52
86
69
82
6
50
22
90
48
30
70
99
7
6
97
7
53
91
81
25
79
5
60
22
92
23
26
25
96
86
85
44
20
55
6
86
38
93
8
64
58
63
71
20
5
39
18
3
43
90
8
67
99
6
66
36
39
53
14
90
45
20
86
98
14
17
87
46
96
35
78
19
87
15
64
81
51
84
76
63
80
10
33
81
74
9
82
87
25
91
59
48
83
4
51
72
7
71
67
80
10
20
45
25
72
93
58
77
75
48
90
66
41
34
20
78
84
3
61
23
9
62
23
36
69
63
87
81
57
16
51
59
8
23
54
5
92
22
54
9
77
60
66
21
13
73
20
89
66
85
35
79
52
35
44
16
71
85
97
4
100
23
57
16
84
1
46
73
68
98
52
7
30
80
39
24
12
14
45
85
72
12
39
55
72
39
33
7
96
89
93
30
93
44
44
16
10
47
60
20
58
39
45
46
48
