100
5000
1
59
51
33
100
11
43
64
16
77
87
74
66
25
39
14
50
31
36
82
41
32
1
52
25
40
14
73
63
68
18
49
62
68
40
6
77
48
86
56
11
39
42
11
64
70
45
66
59
62
84
89
88
22
49
93
40
87
25
12
23
85
98
27
47
53
55
54
77
7
53
80
88
12
22
100
83
27
90
18
71
83
24
50
100
55
98
44
13
39
97
1
61
71
66
43
25
98
9
17
45
25
12
82
41
93
90
20
3
14
17
47
14
20
99
61
44
50
100
4
50
70
50
13
93
36
32
35
90
99
96
86
39
89
65
94
81
15
2
10
58
28
19
100
33
64
1
77
58
73
35
50
99
100
77
31
91
5
94
84
64
82
89
95
14
85
87
70
32
27
65
12
93
77
27
55
19
36
91
96
49
44
75
15
48
65
82
10
82
35
52
50
13
9
85
19
90
68
14
96
51
59
19
9
83
22
94
22
23
19
59
32
22
62
98
18
62
40
33
39
21
48
39
57
29
91
7
14
27
10
51
6
43
8
34
74
75
41
98
47
53
18
80
61
94
1
43
59
28
16
85
75
10
6
7
22
89
92
76
32
90
14
91
67
36
47
48
82
94
16
33
53
15
60
90
83
9
17
5
38
51
67
9
98
84
4
21
66
28
14
16
90
96
33
47
36
88
56
90
21
1
18
17
56
97
1
40
28
67
76
27
34
53
86
24
99
64
71
28
28
7
82
31
83
65
55
5
53
73
36
44
52
72
80
60
23
70
11
54
8
49
35
91
21
99
40
87
55
16
51
50
83
53
66
40
2
34
5
97
2
30
66
60
54
3
60
73
91
88
83
30
98
12
99
32
52
30
84
89
89
28
63
35
96
83
21
62
38
68
69
3
38
76
5
18
1
18
62
100
98
58
62
68
12
71
49
16
12
12
8
85
89
90
29
47
4
13
35
40
95
66
72
31
76
94
84
86
32
79
14
78
59
65
13
10
31
5
99
5
21
55
27
58
12
23
68
98
73
97
66
93
37
95
27
64
96
20
14
69
43
59
11
10
41
8
49
90
65
24
22
80
38
89
35
67
34
78
99
6
4
90
74
61
10
69
17
60
67
74
23
60
85
36
25
44
11
26
74
68
33
77
79
35
69
26
88
4
22
86
64
5
60
18
9
52
79
34
27
15
69
65
13
3
25
66
63
29
49
6
87
11
18
27
66
12
69
42
67
3
34
98
5
46
10
80
74
72
74
68
47
34
95
66
36
9
6
89
57
89
63
37
98
32
5
73
38
4
13
42
69
76
13
10
88
47
8
51
66
41
56
19
19
26
74
91
63
2
55
90
36
25
17
11
23
53
39
99
85
50
26
50
10
89
36
80
17
41
70
91
16
28
55
69
78
95
35
79
20
34
45
14
34
65
20
45
32
39
86
19
54
99
15
80
43
48
89
50
23
41
32
79
58
25
63
25
60
46
73
64
4
47
8
85
69
69
38
41
91
18
87
23
86
19
2
14
44
42
79
65
40
3
19
65
76
65
18
57
58
74
3
62
65
72
53
75
88
43
47
11
33
99
48
63
16
85
89
9
29
9
27
87
20
85
26
74
92
63
44
32
21
100
13
13
27
98
11
77
79
97
52
46
62
72
84
96
35
67
52
12
39
69
76
30
24
15
1
65
3
18
93
55
38
14
4
2
13
41
67
32
92
6
11
83
11
88
70
35
86
23
65
33
29
49
23
68
10
44
3
3
8
74
100
57
79
15
89
74
97
24
77
41
59
38
78
85
5
19
32
25
39
46
24
50
4
97
88
34
28
66
10
77
23
30
6
43
94
2
35
25
83
27
37
31
99
61
72
86
24
81
12
91
100
36
66
68
48
3
27
50
75
31
30
20
90
56
91
79
18
99
7
37
33
50
65
91
64
31
49
75
48
18
13
56
52
91
8
26
48
2
67
95
93
69
86
88
54
89
48
29
61
89
40
19
9
88
87
48
12
11
34
9
36
82
38
99
67
37
96
47
61
67
68
56
77
75
72
4
9
30
27
33
71
14
14
11
41
46
79
82
30
76
35
36
16
89
75
1
25
48
33
83
71
24
48
47
64
72
34
63
18
16
65
47
60
11
73
67
59
27
2
50
17
57
84
20
50
23
34
41
31
2
67
40
51
55
16
64
51
2
81
95
11
30
26
45
26
38
75
35
73
70
75
81
31
55
27
10
97
11
54
58
72
72
17
39
79
73
4
91
21
75
37
4
15
96
44
78
3
33
4
46
62
68
64
22
52
23
25
63
65
33
96
51
70
54
38
13
38
64
84
19
83
47
14
82
1
16
87
85
40
19
28
92
8
1
74
4
58
27
63
1
17
16
86
13
60
9
45
67
67
32
43
80
30
11
4
53
9
69
37
31
33
6
23
48
82
48
58
53
51
97
83
86
5
75
3
35
5
84
20
99
55
30
34
58
68
76
46
16
32
58
93
62
22
9
65
98
58
58
4
98
38
50
97
100
29
6
49
58
22
24
2
79
19
81
65
9
61
11
52
45
70
98
65
13
38
61
35
46
14
41
74
4
78
77
49
54
55
97
21
95
61
59
73
77
100
8
54
95
7
40
58
66
84
68
15
47
31
68
23
4
44
35
17
70
4
98
76
9
19
92
31
64
9
98
52
51
85
64
11
73
22
2
71
72
34
31
35
41
65
7
18
16
50
17
65
36
72
98
23
34
58
12
77
83
65
33
58
43
93
14
93
41
9
41
16
85
8
11
74
41
25
85
41
53
50
74
58
22
82
46
92
21
22
65
70
47
46
43
71
7
37
88
80
37
80
29
96
8
70
99
75
36
48
38
50
26
97
68
57
69
54
8
47
93
7
85
79
46
12
68
50
24
100
26
99
60
40
83
37
23
28
48
97
3
46
32
58
17
72
96
93
35
100
5
70
29
94
70
2
52
16
16
56
11
96
14
43
28
49
76
74
61
36
64
85
16
9
1
98
80
39
77
4
73
29
67
60
12
93
94
13
60
50
59
5
43
61
43
89
54
30
20
64
71
37
99
87
87
36
40
51
82
23
2
14
54
41
4
57
92
35
5
35
78
89
56
71
74
7
23
47
40
93
29
92
11
3
67
1
57
36
34
44
5
3
4
93
16
82
52
85
74
76
46
43
1
13
7
55
95
21
75
100
80
51
25
92
39
59
55
82
87
44
77
12
98
62
15
32
73
22
15
35
24
44
54
49
13
30
22
12
58
15
94
88
81
91
86
12
100
88
33
5
39
64
95
73
40
72
29
55
41
80
63
54
91
15
53
83
62
91
81
23
56
69
52
48
28
74
76
17
76
57
7
18
83
42
21
28
98
61
22
100
85
69
75
72
73
68
43
81
18
56
50
86
76
20
41
30
91
46
8
21
24
84
13
21
86
20
49
84
66
17
53
92
42
24
20
95
60
94
12
14
32
65
98
60
67
26
28
65
89
20
27
55
7
85
56
43
31
9
47
9
50
31
28
24
88
4
47
33
90
49
8
38
71
30
34
29
22
90
1
69
72
98
82
38
6
81
92
71
67
28
3
57
24
3
38
83
86
29
18
61
1
18
19
8
31
73
89
83
96
10
61
32
4
68
23
20
94
76
84
25
74
82
91
21
58
36
51
82
84
82
1
15
23
78
62
44
77
46
24
13
97
73
95
29
82
6
37
94
88
92
34
98
99
20
64
6
87
71
60
42
80
63
91
63
1
85
21
30
27
22
39
82
82
61
20
60
92
88
36
20
35
58
22
82
70
60
11
7
31
60
37
22
81
50
78
84
40
85
68
45
79
45
36
66
91
46
77
34
82
35
77
50
91
80
30
23
96
41
19
58
77
65
54
31
6
19
75
52
10
100
79
63
30
12
58
95
77
95
86
35
13
92
36
13
52
10
54
45
93
89
37
15
87
76
19
62
45
71
74
9
54
12
92
17
95
40
55
2
86
99
18
33
27
100
9
77
70
63
77
24
3
48
63
46
78
48
98
99
46
36
74
73
2
92
45
38
45
90
83
50
38
58
61
65
65
98
62
26
27
8
63
61
84
61
53
18
23
76
78
4
57
25
21
11
7
56
77
97
54
59
75
60
89
100
96
89
80
41
34
87
29
14
2
30
24
99
29
35
47
24
100
53
46
89
40
33
21
63
30
58
96
94
35
81
74
27
42
5
33
90
3
45
27
77
21
43
60
60
63
52
17
27
86
74
19
69
67
40
9
57
39
83
81
20
69
20
27
5
27
57
5
72
80
77
28
14
25
76
93
49
48
91
51
9
57
24
67
69
36
41
81
94
30
93
72
2
38
92
9
86
58
81
26
29
63
50
19
100
55
4
88
30
2
23
65
13
42
56
92
78
17
10
65
73
90
97
64
35
3
32
10
10
65
16
8
75
65
59
99
91
35
99
37
29
23
36
18
37
44
27
84
6
63
35
41
34
13
45
20
71
9
27
45
89
80
57
56
65
81
76
18
63
64
21
11
70
92
71
53
25
68
49
43
57
43
48
24
100
63
1
3
64
36
6
22
49
44
91
50
47
71
53
73
2
93
13
70
94
86
42
81
89
99
26
49
100
14
33
51
63
73
60
52
48
54
5
77
81
97
20
54
76
39
93
29
63
12
59
68
37
55
78
70
3
37
7
96
8
41
1
64
36
93
25
29
83
22
3
89
34
57
41
66
69
19
50
82
64
53
50
90
5
21
71
72
92
38
17
45
32
17
72
9
7
18
58
72
79
6
52
49
40
22
21
32
11
63
54
16
24
92
71
41
10
58
11
47
67
76
72
96
41
21
35
49
50
7
14
36
26
100
74
85
49
72
68
60
95
97
94
99
44
96
84
3
28
35
36
94
72
2
84
97
12
92
10
20
69
75
52
15
78
44
39
40
58
12
5
17
95
28
97
42
93
87
68
56
36
41
23
82
59
67
11
13
98
39
85
39
29
53
91
19
6
34
6
68
52
34
35
81
31
51
94
27
17
71
30
92
79
89
9
75
18
2
84
69
48
10
30
85
12
52
43
84
17
48
8
32
51
14
95
76
48
7
9
19
83
100
39
3
29
80
15
79
64
8
79
64
43
5
78
84
4
70
18
50
28
32
83
52
31
72
90
57
16
51
8
60
94
6
22
94
90
84
70
51
33
1
35
83
56
44
27
15
91
95
95
70
69
44
77
20
33
24
40
81
66
28
59
67
100
54
8
98
32
80
4
84
65
45
7
97
95
41
68
98
60
91
77
59
34
78
13
37
51
68
69
12
34
31
16
69
98
45
82
62
38
31
82
11
72
71
51
9
21
85
1
46
63
94
53
81
19
10
5
61
38
54
91
66
83
65
20
29
16
26
98
93
19
86
99
58
85
85
7
7
77
49
21
52
2
41
9
97
35
56
56
55
86
16
57
75
54
20
47
79
91
84
24
75
51
9
60
37
3
5
87
45
62
30
31
92
30
39
78
2
44
43
82
62
43
46
59
61
18
72
69
15
33
21
94
63
53
67
9
85
7
11
34
77
85
49
43
34
15
6
74
28
92
27
9
84
28
33
95
100
65
5
52
39
18
52
24
6
11
50
50
79
41
32
32
93
97
73
70
45
1
7
57
4
7
65
68
67
56
93
4
35
66
51
2
3
47
73
34
6
60
19
76
76
51
88
48
26
48
44
84
12
24
90
33
65
95
76
35
6
66
97
4
68
81
6
97
24
91
84
81
21
89
23
81
86
73
97
1
23
14
10
83
100
18
91
34
94
7
47
8
71
81
46
40
92
63
55
46
41
30
97
68
5
4
38
93
60
51
1
82
62
65
48
97
100
12
20
37
16
26
92
27
73
2
11
96
15
35
18
1
32
4
31
31
9
71
42
100
43
75
88
75
48
87
34
79
19
90
41
74
15
29
64
92
82
46
62
31
80
16
20
64
71
85
70
95
38
76
77
55
26
12
49
57
7
57
72
79
4
36
62
82
1
75
72
70
56
7
46
17
74
32
53
32
24
42
24
86
100
40
39
96
69
51
64
40
7
51
95
35
30
9
38
30
10
43
4
95
89
96
32
48
2
53
47
41
76
97
73
45
41
58
21
51
98
12
87
40
57
44
35
18
36
62
32
35
72
2
50
21
65
64
51
60
12
21
12
17
28
88
44
99
43
4
42
54
41
80
53
16
56
15
74
13
42
49
9
67
73
20
84
59
83
77
6
90
19
89
95
60
11
9
96
33
38
76
40
93
20
30
79
21
17
39
66
1
65
46
34
21
50
43
50
89
100
90
37
58
32
70
35
96
69
47
66
59
78
75
89
20
33
19
65
18
26
70
39
16
97
42
76
77
49
77
94
44
87
46
50
19
94
87
41
72
58
60
95
26
92
64
71
57
6
90
77
6
95
87
29
74
86
49
61
73
100
46
26
70
57
76
44
12
35
24
81
68
53
29
98
72
50
82
6
5
57
86
52
23
86
77
11
76
78
7
86
79
22
64
57
5
12
54
65
28
24
63
25
14
64
39
9
12
83
2
80
84
18
67
75
4
10
85
77
10
85
30
20
2
71
82
74
46
14
96
48
12
91
33
6
45
24
92
16
52
4
2
68
82
83
76
82
83
62
35
27
17
23
65
14
95
59
52
54
17
28
53
95
26
100
64
29
94
32
90
16
20
65
53
1
96
38
94
100
75
81
38
9
73
65
80
17
58
57
46
37
97
100
68
62
57
92
90
24
42
16
52
13
18
26
96
3
15
97
39
61
88
22
33
26
62
11
38
38
40
16
5
50
33
45
51
32
4
70
30
33
90
90
31
84
31
99
90
96
75
56
98
10
17
94
28
32
89
66
71
34
6
97
19
73
28
18
67
30
69
37
32
21
49
15
27
95
29
65
20
41
62
46
44
49
33
57
82
92
8
100
98
55
7
82
6
61
62
69
36
59
46
46
100
65
88
21
76
8
76
38
4
87
35
66
68
86
8
49
3
72
85
67
99
33
15
68
33
20
76
14
55
67
29
35
52
19
5
95
82
32
58
26
50
86
72
6
49
12
10
59
26
84
10
37
73
39
80
55
55
97
78
53
49
28
94
29
86
11
95
1
8
84
58
9
54
44
70
86
34
70
49
76
22
76
81
46
25
17
21
61
70
94
38
50
43
26
28
3
53
61
23
70
94
1
83
61
41
71
97
27
87
61
81
18
52
55
71
36
38
60
99
46
51
1
68
13
77
84
3
83
43
48
49
73
91
48
23
18
80
13
93
25
84
63
24
26
31
2
76
38
83
31
13
69
86
32
15
43
89
8
85
48
78
67
3
96
60
37
49
19
85
31
92
63
50
93
46
90
18
43
64
75
83
62
73
66
86
7
10
15
95
10
31
38
66
1
27
49
8
4
62
14
71
92
85
32
86
10
23
8
18
44
42
24
47
68
67
84
51
11
50
28
28
50
16
33
36
52
62
55
64
83
14
69
17
20
47
43
55
69
61
77
98
9
100
96
59
71
62
53
72
45
36
33
53
42
72
87
24
23
71
19
12
70
90
58
96
87
94
92
2
69
61
39
80
57
11
11
58
61
86
65
10
91
34
81
51
59
49
28
4
83
9
12
29
70
73
43
17
76
13
6
69
88
1
38
1
29
6
93
92
30
66
52
56
13
25
37
88
37
75
40
90
66
62
71
31
52
10
42
98
25
22
41
47
98
70
95
52
28
52
6
58
44
45
85
8
11
21
53
48
41
42
68
93
79
43
13
30
66
41
34
49
54
42
86
92
89
2
48
61
24
8
76
72
11
93
60
15
38
12
40
85
21
52
99
46
79
76
56
88
55
66
40
41
72
61
71
39
88
34
19
1
51
59
99
15
25
39
15
99
77
29
12
30
12
25
2
33
5
55
41
80
40
47
64
93
19
91
50
41
55
1
9
88
5
3
10
97
58
92
31
69
12
58
17
34
76
87
69
5
53
11
37
95
77
62
72
11
60
81
44
85
92
30
85
43
56
20
99
73
95
58
51
70
26
26
87
8
4
7
28
86
1
49
99
15
15
84
39
66
35
75
73
84
15
54
22
31
83
6
3
26
44
75
73
30
75
18
49
78
14
54
30
99
89
78
9
63
81
68
74
67
84
56
98
79
22
28
63
38
48
91
24
92
22
25
50
34
84
73
25
34
80
55
31
78
84
75
34
67
32
74
40
71
25
67
90
63
37
80
29
77
45
2
98
63
30
96
99
8
59
81
48
57
79
25
94
76
42
55
87
66
4
40
27
62
47
28
6
81
44
21
22
93
31
51
60
19
57
71
26
43
22
42
36
65
80
15
23
58
100
85
77
13
52
88
50
20
50
65
34
40
48
51
29
51
96
91
25
88
45
98
2
64
43
62
97
42
18
22
76
8
57
33
64
86
45
39
88
64
96
7
72
76
49
23
32
41
58
30
47
94
1
13
36
16
37
43
75
6
80
63
5
1
53
51
28
66
67
82
21
50
38
41
27
67
88
45
49
37
39
64
55
15
50
20
85
59
7
52
95
92
72
99
10
54
68
23
77
60
100
78
63
16
40
88
13
2
47
19
83
83
17
22
28
36
85
57
2
24
88
28
69
60
47
70
68
48
1
21
5
33
27
56
94
99
27
90
15
7
46
25
20
16
45
58
22
88
23
73
2
21
80
71
93
43
49
63
40
15
65
78
48
36
88
89
67
1
94
96
15
47
67
40
76
55
73
1
26
65
9
43
81
23
55
66
26
70
5
32
65
42
2
47
1
18
30
6
4
10
68
2
99
13
76
43
18
20
29
38
30
99
77
78
69
38
27
50
35
7
8
11
50
69
30
65
5
76
98
95
91
71
74
66
49
97
5
37
39
78
62
52
51
55
94
98
54
70
54
2
70
5
56
78
24
94
64
39
38
50
66
25
70
97
82
77
15
87
73
83
41
14
26
35
58
9
62
15
98
51
16
87
1
49
80
94
46
35
25
39
27
88
4
62
35
45
16
35
25
98
41
70
50
98
100
68
45
6
99
94
67
31
98
52
52
95
42
32
93
89
77
8
57
87
80
20
85
38
90
48
45
26
10
22
43
60
90
9
75
80
36
3
74
22
74
87
10
57
42
87
53
24
12
67
11
59
33
59
94
71
72
15
86
13
18
71
83
88
54
48
68
24
49
9
86
53
29
90
44
6
76
97
7
81
66
2
68
60
23
26
61
55
63
98
76
74
46
46
100
86
72
22
39
73
3
45
49
12
30
75
3
45
46
11
45
24
60
40
51
28
18
56
70
42
59
25
14
49
51
36
46
50
37
39
53
71
19
16
41
5
16
28
12
29
84
16
79
39
100
43
96
29
80
29
62
93
80
63
77
15
18
60
54
71
11
37
28
93
49
53
66
79
7
53
27
43
32
76
12
41
2
98
63
3
49
53
53
47
67
68
72
98
31
72
29
18
27
55
76
78
32
99
52
82
83
81
36
80
41
98
24
98
79
100
78
15
47
100
68
57
86
82
29
18
47
69
93
40
45
74
43
4
96
93
78
38
54
10
88
21
34
45
85
94
1
42
65
77
10
74
29
42
78
96
88
15
9
75
100
3
66
1
58
1
87
25
61
100
30
34
46
80
86
28
90
14
4
56
8
3
3
89
46
28
72
31
37
11
56
70
39
29
78
59
79
51
13
46
50
31
88
21
61
55
61
34
10
14
41
83
2
4
63
67
50
24
22
99
99
6
13
13
76
83
81
65
58
18
70
16
43
58
13
20
23
55
4
57
67
56
20
18
61
58
13
38
72
3
19
71
15
44
31
88
95
56
7
48
26
48
64
65
67
17
74
71
71
79
10
26
64
60
96
41
55
80
76
76
32
4
92
16
97
29
4
73
22
58
44
17
86
17
88
17
39
68
23
40
37
94
78
63
33
88
93
55
50
31
36
19
19
83
29
63
93
10
95
84
38
22
49
55
2
49
2
72
8
56
39
77
33
72
9
96
79
69
58
49
71
83
83
52
33
71
88
48
61
77
22
83
72
5
37
58
66
56
95
20
15
80
46
4
60
44
58
61
26
32
67
5
37
53
92
59
55
19
96
16
79
35
69
7
29
86
33
32
57
59
56
61
71
13
82
63
44
69
60
38
56
68
2
94
2
3
96
88
16
16
45
4
9
80
31
95
44
100
87
62
65
4
54
91
32
17
55
14
97
75
67
99
73
59
13
92
48
93
58
48
88
24
66
19
73
75
86
36
16
55
18
74
47
47
31
2
85
81
82
7
85
24
43
66
34
39
22
47
24
72
42
9
30
86
72
30
83
83
44
47
93
34
89
73
29
47
61
100
3
79
9
2
72
94
88
24
36
75
59
87
36
99
85
56
84
29
48
54
27
14
74
3
48
48
80
37
2
72
30
26
7
62
22
25
96
94
17
81
83
35
89
39
43
36
93
52
93
9
50
16
2
38
91
23
42
16
15
90
72
66
86
69
46
59
69
25
6
97
11
19
13
88
75
11
8
3
29
15
79
29
70
72
6
61
2
6
10
12
52
29
87
59
48
77
48
81
40
49
61
5
99
47
63
94
19
69
84
33
96
11
63
47
29
38
37
62
71
94
75
56
47
31
51
35
55
2
91
47
85
100
81
77
24
60
66
40
41
95
27
58
91
81
1
74
87
3
93
16
8
30
52
33
49
74
99
55
85
77
96
22
66
22
93
13
39
57
48
5
32
45
8
23
32
1
74
60
49
80
80
74
25
84
34
90
16
100
88
74
50
75
59
58
27
23
100
5
92
96
65
45
70
17
58
89
71
51
58
54
36
9
64
73
2
91
90
54
2
76
14
54
77
18
15
25
10
96
24
61
12
1
90
22
64
61
76
29
83
70
49
77
69
79
41
30
31
8
90
67
24
53
25
25
70
20
99
27
79
62
40
24
28
29
61
81
7
66
62
69
52
16
87
94
78
70
43
90
66
63
4
39
50
100
49
28
85
97
2
100
8
21
71
7
25
62
63
71
23
45
18
69
60
99
19
67
59
80
73
35
4
6
87
30
49
29
94
90
30
50
84
12
9
71
49
15
65
32
100
37
94
46
53
39
49
69
46
61
27
42
63
9
95
65
99
19
13
26
69
53
33
4
59
86
25
96
63
97
8
83
73
18
95
63
64
34
39
47
36
57
87
58
100
51
10
43
14
72
27
8
36
21
29
95
73
97
88
76
95
8
78
3
4
10
59
93
95
63
46
99
10
6
14
7
48
65
1
25
96
71
88
23
2
35
93
83
41
14
29
2
72
15
43
36
29
5
20
65
81
92
94
25
89
80
92
11
