100
5000
55
87
5
70
60
65
15
28
7
21
95
96
100
76
26
21
39
95
74
67
40
43
91
31
52
72
41
76
40
59
30
78
52
52
98
60
73
55
32
50
19
58
57
26
89
79
68
60
68
42
19
12
25
86
92
52
91
1
29
56
100
23
49
74
12
36
39
66
61
36
61
15
73
82
86
69
7
15
11
33
18
15
65
29
55
71
34
21
10
17
12
49
9
33
100
70
47
51
45
41
16
38
78
68
87
27
4
17
75
93
77
9
91
81
77
22
6
78
20
68
73
100
54
54
35
96
50
4
41
87
66
14
97
95
44
17
96
94
15
12
86
6
82
29
38
38
76
28
45
79
15
35
87
89
52
93
61
73
62
96
25
94
57
46
87
21
92
49
66
39
53
81
19
96
32
87
86
31
22
20
92
51
90
69
95
9
98
33
8
57
4
53
80
69
18
82
35
71
16
45
81
4
46
82
93
6
39
38
18
16
91
100
83
93
36
96
92
74
28
17
6
30
77
89
61
81
43
69
26
41
41
60
67
36
48
34
7
35
16
97
14
62
65
13
65
81
28
85
44
73
77
5
50
89
4
25
23
78
93
30
77
49
69
52
51
58
31
38
69
77
98
46
47
21
34
2
31
59
7
6
34
38
3
61
30
48
15
32
11
97
22
82
49
20
7
49
32
69
83
71
30
17
38
26
89
83
43
94
2
89
86
22
35
5
20
99
14
19
26
33
70
85
7
50
97
60
2
64
71
14
35
79
77
25
73
47
4
65
2
98
69
1
46
20
3
98
18
78
97
17
51
52
79
42
98
69
13
1
43
26
46
25
10
64
8
78
90
42
43
44
65
51
85
27
84
77
79
100
21
76
23
2
76
68
15
21
5
74
35
83
46
75
11
44
51
11
81
23
23
40
60
13
70
98
49
14
67
56
86
29
45
68
22
32
37
73
30
78
43
53
44
38
50
67
99
73
18
92
53
29
59
92
7
38
78
36
16
60
77
90
97
36
26
24
89
55
45
69
1
33
17
43
24
56
61
64
37
42
44
64
71
13
83
95
66
12
14
82
17
46
63
46
8
37
35
38
7
15
94
14
37
25
64
17
45
48
88
71
20
23
33
70
24
7
71
87
5
18
73
19
73
27
59
54
3
48
24
78
47
63
66
20
40
65
68
77
19
47
90
35
66
99
52
48
18
27
32
5
75
14
10
74
65
66
20
21
11
10
52
72
91
71
56
22
71
8
100
66
83
84
28
82
80
23
89
23
4
33
58
73
56
16
7
18
92
5
86
92
65
91
34
15
5
60
18
46
100
96
17
87
64
88
100
60
69
29
45
68
34
63
92
21
71
27
29
99
88
65
35
80
63
44
9
92
65
78
73
20
42
7
75
17
94
80
3
87
71
30
98
27
36
59
42
2
77
13
47
84
68
40
69
98
88
67
98
26
5
70
70
37
42
86
62
40
71
21
63
73
39
80
33
34
53
97
81
29
36
1
54
91
72
53
61
60
21
65
77
95
92
15
79
79
34
4
21
86
38
85
32
41
5
89
46
79
8
96
62
20
62
85
17
16
53
73
47
50
17
3
13
33
42
53
75
54
13
80
84
35
22
6
54
50
73
20
100
73
38
40
97
47
19
23
10
82
78
39
15
79
74
86
89
2
11
81
68
66
45
2
47
70
62
3
67
22
89
11
24
33
42
22
100
26
65
86
81
78
9
19
56
91
84
74
53
7
92
45
9
79
58
32
24
57
63
84
72
97
2
44
5
88
1
35
29
95
75
27
53
48
59
69
87
92
84
11
34
29
95
3
43
67
54
25
76
64
81
85
67
2
19
84
54
14
88
77
18
97
97
26
64
81
97
83
41
26
92
26
70
54
53
71
64
81
49
64
88
9
46
11
82
99
94
52
31
5
29
19
58
86
78
50
86
87
85
2
54
84
41
77
3
51
85
40
92
67
55
90
41
19
29
39
8
10
15
60
79
17
49
87
66
32
92
96
9
15
38
51
43
78
58
38
25
26
13
33
36
89
62
68
66
56
2
50
28
41
9
81
68
55
45
92
69
32
46
95
95
6
10
95
73
16
59
6
25
100
14
58
94
27
35
65
29
86
53
31
23
26
70
50
54
22
19
70
22
72
35
14
14
98
19
57
9
62
86
4
46
84
29
95
66
87
28
74
79
92
74
74
6
83
46
12
6
93
62
83
98
84
6
3
17
73
85
12
68
14
33
36
46
4
93
63
42
90
76
33
99
3
25
6
50
77
21
42
6
22
6
53
90
64
93
46
49
76
66
41
98
28
65
71
96
13
55
12
14
3
61
24
2
95
1
63
69
22
50
33
36
80
1
87
2
53
46
38
82
90
80
75
13
95
16
88
46
37
93
14
79
61
45
64
4
100
80
14
50
83
66
79
98
37
61
69
46
77
47
83
100
66
44
47
48
57
67
55
12
82
78
43
88
21
58
95
53
56
58
52
52
30
52
43
50
93
61
32
71
78
36
95
52
32
84
9
21
93
28
18
43
23
30
71
54
86
68
67
83
22
68
99
24
29
86
21
81
95
30
74
24
84
87
20
26
39
22
9
13
69
35
98
93
3
68
53
18
61
77
98
39
42
6
90
34
23
85
81
94
8
52
45
17
68
30
23
87
13
24
42
63
83
77
57
14
11
50
4
38
76
60
80
27
47
9
71
85
86
29
59
16
11
100
19
6
79
80
70
23
78
39
48
57
5
52
40
93
78
98
49
17
41
64
63
5
41
16
57
8
94
14
54
70
10
97
27
89
62
100
71
47
3
7
68
32
35
73
62
77
73
37
40
82
8
43
25
81
15
80
69
96
85
59
49
56
18
21
88
30
96
81
25
70
76
1
36
21
85
74
54
35
7
78
14
72
3
41
3
71
62
26
12
58
76
98
83
58
72
47
94
35
45
89
15
98
87
77
31
98
63
84
70
33
15
58
29
30
94
21
79
39
38
64
67
64
15
91
49
36
47
45
95
78
75
71
75
6
22
71
32
61
55
80
62
87
22
22
47
35
16
87
44
8
47
63
65
29
62
46
51
52
52
41
13
10
98
13
51
13
9
88
25
25
39
68
95
21
72
3
34
1
45
65
69
2
63
8
42
81
26
44
41
86
50
44
55
19
63
2
15
59
29
45
87
20
56
19
31
87
55
17
94
20
78
77
58
21
92
36
84
24
95
35
53
68
6
61
43
58
55
92
8
33
88
80
38
78
87
72
30
36
91
90
21
96
74
68
26
53
92
30
19
48
99
60
89
4
65
34
45
61
85
23
75
37
84
50
26
58
37
13
52
33
10
24
92
70
24
64
69
21
73
56
50
27
79
18
30
52
67
64
88
10
25
87
4
87
54
17
11
36
58
99
30
40
41
6
30
97
27
65
51
41
65
79
97
22
98
71
9
95
7
55
26
72
99
35
11
36
28
3
4
49
73
76
27
39
94
11
72
43
13
6
15
84
6
49
50
86
57
40
41
21
57
96
75
92
51
100
39
72
59
51
60
79
85
95
38
42
73
2
42
12
72
6
97
97
10
16
2
45
74
73
90
76
55
81
98
8
49
16
48
92
42
47
32
22
77
48
40
44
89
55
86
50
79
4
17
13
23
24
83
7
13
43
74
38
84
74
21
5
8
15
29
39
79
37
66
18
88
51
26
68
70
6
5
74
73
58
98
81
68
97
62
3
15
84
14
86
5
37
57
51
55
65
22
43
77
78
40
7
97
88
2
28
71
49
47
41
59
17
23
8
19
14
42
59
71
73
48
19
50
40
98
29
28
89
40
13
74
76
61
6
55
26
60
3
31
83
67
80
54
68
94
97
81
19
6
91
87
46
41
76
7
53
26
88
16
26
84
75
81
87
58
11
89
98
23
48
65
26
71
92
48
73
87
71
98
5
96
65
12
1
84
3
3
46
51
54
92
77
90
50
24
16
27
4
59
36
39
78
78
42
40
62
93
49
7
64
21
79
45
79
95
26
32
58
44
23
61
1
53
68
61
53
88
3
2
39
61
43
27
57
58
85
75
1
94
18
12
21
33
100
44
1
11
79
42
28
72
53
30
92
12
33
81
81
43
62
12
97
14
13
51
16
66
96
77
78
89
27
92
74
59
30
62
1
5
47
66
57
66
71
50
24
84
66
50
2
59
69
76
18
8
47
95
81
36
40
57
40
72
75
70
3
84
39
78
1
79
59
15
65
40
96
89
35
84
72
8
100
28
1
81
81
81
30
44
75
38
29
55
77
75
31
38
42
4
96
100
52
94
100
10
55
21
59
63
49
99
78
5
87
91
12
71
90
53
8
25
57
88
59
35
84
46
36
74
42
79
4
18
54
52
27
63
85
10
46
40
51
82
75
63
51
1
63
48
23
20
67
29
92
83
32
41
63
19
9
81
32
5
27
57
99
25
90
13
93
72
55
35
49
66
55
81
81
34
61
60
83
18
12
35
21
77
90
30
4
67
51
74
13
78
77
25
68
64
98
39
66
17
77
86
63
56
78
73
82
77
30
99
80
93
44
56
11
59
32
86
55
17
18
28
78
86
76
27
46
87
5
94
94
93
24
50
26
94
93
80
57
79
46
23
69
8
54
41
22
96
40
33
4
72
100
90
21
81
48
94
55
79
48
73
13
29
25
32
84
53
100
35
3
5
56
24
41
42
5
85
13
45
62
53
27
62
6
71
13
71
59
37
9
30
91
43
36
96
85
20
9
42
51
30
48
13
41
47
60
16
50
71
33
53
33
38
10
96
72
74
29
38
27
45
40
89
19
48
76
24
90
61
72
46
44
51
76
41
18
33
69
76
26
97
70
16
52
16
16
41
80
77
26
70
41
97
20
6
90
73
72
72
24
51
22
35
27
71
49
34
30
83
89
91
17
60
81
78
99
11
67
5
39
69
86
24
13
48
60
6
80
78
51
91
74
4
21
25
80
38
2
45
42
13
93
12
32
96
6
71
77
60
33
97
17
42
76
7
60
56
60
80
24
46
88
71
72
23
27
70
44
15
92
80
39
49
58
70
10
97
72
25
11
35
30
31
94
71
97
55
37
27
97
29
20
79
69
84
16
64
33
81
50
29
15
57
27
56
18
24
97
79
61
97
78
93
70
84
24
19
76
43
64
22
40
56
10
29
39
12
87
38
2
4
97
58
36
39
60
71
18
31
42
56
61
54
64
95
6
77
92
73
22
48
73
65
86
69
50
15
18
43
11
53
49
91
4
1
42
42
97
41
21
61
77
57
77
81
89
18
79
17
88
37
72
73
17
39
1
44
69
80
67
95
19
35
18
74
69
85
95
24
5
60
62
89
77
76
28
29
74
90
63
42
75
26
30
83
77
8
33
12
81
85
64
39
74
87
96
68
47
11
78
40
51
47
90
71
19
46
89
74
30
39
52
7
79
85
82
97
86
21
65
49
19
96
52
91
100
95
86
3
93
68
1
40
73
58
79
5
23
84
65
74
80
77
41
69
9
81
85
30
75
64
75
64
93
42
5
31
96
52
89
82
91
90
38
95
60
82
93
17
36
60
4
3
1
31
83
38
10
86
17
29
30
15
99
52
60
25
75
71
9
87
38
92
57
2
42
68
46
53
22
84
14
75
67
92
68
20
96
1
81
83
86
45
100
21
41
18
62
44
11
23
17
59
55
92
33
24
73
75
52
65
95
28
20
47
87
24
65
12
7
70
93
91
71
94
18
72
83
73
50
58
66
71
6
75
50
95
31
23
22
43
60
82
63
31
27
15
3
14
20
23
57
10
13
43
10
67
38
91
4
87
98
27
58
72
78
59
33
44
50
47
93
94
58
16
11
57
63
95
37
81
36
96
80
46
41
14
60
17
38
25
55
12
7
7
67
86
88
27
21
89
52
58
38
80
47
78
82
55
60
15
88
47
46
94
92
77
53
61
84
29
20
16
35
42
98
20
28
50
51
26
42
21
2
41
22
44
46
31
52
96
82
1
7
32
30
48
43
97
62
6
90
100
45
78
77
27
57
21
94
50
85
64
34
36
81
85
79
26
25
13
10
39
46
38
66
72
39
89
46
75
29
34
40
92
38
54
51
90
46
42
86
45
49
95
61
49
70
44
46
22
78
10
36
65
73
19
89
99
2
54
84
62
100
66
4
6
69
81
58
6
10
11
37
20
50
34
37
38
79
3
59
11
84
14
40
53
27
6
48
34
27
29
18
4
62
86
6
91
34
15
47
7
89
78
14
33
56
96
53
58
43
21
94
19
76
66
20
1
99
84
79
53
77
78
45
29
81
41
83
76
96
61
68
14
32
61
16
35
65
1
42
35
71
59
40
2
90
66
26
72
42
57
4
6
99
34
20
83
3
56
67
92
42
29
53
98
47
48
70
89
92
7
18
34
25
43
48
40
63
3
37
100
39
29
7
28
31
55
59
80
4
75
22
44
96
33
91
58
69
22
32
81
37
29
89
35
99
23
83
46
61
74
15
47
79
2
14
29
35
4
35
86
52
12
75
18
63
32
5
25
69
11
30
48
5
96
27
43
54
32
57
27
30
13
59
96
1
89
53
49
21
30
58
25
53
70
71
51
98
59
13
85
34
68
63
92
77
20
48
26
80
50
52
71
36
31
53
89
98
60
31
67
35
33
47
42
61
71
59
82
8
79
96
38
95
5
59
74
72
34
43
9
16
4
16
64
69
5
96
2
30
48
9
66
13
32
96
22
80
65
21
4
41
2
61
57
6
68
31
21
43
54
41
99
49
9
95
75
79
5
92
78
34
3
61
99
15
42
51
72
72
14
98
80
71
34
98
19
80
53
40
6
85
19
46
52
4
13
79
2
64
82
11
5
39
23
8
59
98
86
68
49
78
78
62
100
86
4
32
39
22
2
42
55
97
94
2
77
20
54
22
30
28
22
75
18
62
77
76
48
85
50
28
29
84
23
6
75
7
29
97
24
58
2
56
76
81
100
20
4
98
43
60
73
51
22
35
13
47
6
79
39
2
73
25
81
18
37
34
74
22
83
80
10
55
85
48
47
28
30
14
42
33
44
55
100
72
58
62
34
31
70
26
15
30
24
8
14
95
28
66
65
13
18
60
8
22
10
94
25
66
67
88
25
93
83
61
63
41
72
93
62
83
40
62
25
64
6
41
50
83
100
25
9
84
56
11
42
46
7
78
66
22
45
21
56
1
49
88
86
38
65
91
33
100
15
98
48
98
88
26
8
59
76
83
25
26
77
30
31
9
34
40
49
71
30
55
7
87
20
47
89
75
34
68
61
24
26
12
24
58
61
45
67
34
7
24
49
95
16
56
12
60
55
98
69
92
41
84
17
27
92
81
43
3
1
17
10
91
82
23
83
69
74
9
82
52
16
11
11
70
15
47
26
97
28
85
71
53
33
33
19
99
88
3
46
42
69
9
10
85
2
96
27
39
18
29
58
46
50
94
40
15
8
94
3
42
62
89
35
70
16
80
51
90
78
54
30
57
55
34
5
24
35
6
94
19
43
30
36
36
89
56
36
67
30
30
65
20
52
9
8
39
18
49
57
59
81
84
93
6
8
6
37
8
40
68
4
72
39
62
83
68
1
80
56
27
66
18
54
91
1
95
20
59
61
57
69
59
69
88
62
4
63
90
57
66
88
26
55
33
26
71
28
25
30
56
30
49
59
61
92
49
43
58
43
79
10
93
26
19
15
65
51
11
65
56
80
43
69
84
10
31
83
98
6
15
34
33
95
56
6
86
89
51
97
3
84
57
85
8
60
53
60
37
87
94
38
24
94
80
44
30
28
89
77
97
10
88
30
11
41
68
2
25
34
45
39
23
33
13
77
94
38
12
19
84
92
21
36
93
7
15
27
99
23
57
61
88
20
25
42
21
81
83
32
86
71
55
32
49
54
95
26
2
49
6
87
25
91
31
10
29
82
6
21
27
69
14
40
96
67
3
13
77
64
19
73
36
47
97
94
57
92
99
96
16
77
22
43
13
35
39
100
24
43
97
57
56
18
87
69
71
85
58
60
50
34
83
87
71
65
58
51
43
54
41
59
90
17
56
34
90
27
91
60
38
55
72
58
61
90
96
50
25
30
49
24
87
29
78
67
90
75
31
2
42
22
16
76
62
38
15
14
36
34
40
85
88
38
44
35
9
32
14
44
86
97
32
57
48
53
64
26
54
58
43
80
7
31
25
82
21
74
61
31
64
18
61
38
30
89
43
27
6
76
92
66
7
2
39
6
73
62
60
26
5
94
22
44
1
2
62
90
30
100
74
32
3
17
70
20
69
14
88
96
88
22
92
4
65
68
50
57
28
56
63
12
11
77
78
37
43
55
11
88
10
44
93
55
56
99
84
87
91
44
29
1
72
88
92
64
1
70
46
55
100
14
19
77
52
41
3
58
24
47
4
36
30
74
66
87
9
85
90
34
59
80
43
19
44
46
71
68
39
27
95
99
63
87
27
58
79
92
13
45
67
77
80
90
44
74
82
96
46
27
15
59
83
16
2
25
78
61
13
88
63
94
6
41
1
3
25
67
44
92
28
97
32
91
64
91
75
96
12
1
100
38
54
23
45
65
62
12
94
44
19
8
10
57
18
27
3
81
80
41
70
28
94
27
51
65
4
34
9
13
29
16
88
8
58
47
82
54
44
7
64
39
91
98
67
55
79
71
89
58
63
78
16
98
49
93
8
65
78
17
5
7
23
52
1
1
42
100
20
36
5
85
21
36
54
73
76
56
100
7
97
53
5
75
14
19
61
39
22
7
1
93
94
66
90
71
96
100
87
100
55
6
51
18
77
72
49
33
10
77
81
34
95
64
13
19
62
78
76
11
50
22
27
32
93
52
1
56
87
9
65
63
6
71
10
3
52
73
74
19
93
90
65
51
44
78
37
48
69
72
77
40
58
25
99
62
76
48
8
40
53
21
56
69
54
67
71
41
98
27
5
82
48
87
72
67
19
28
18
10
12
94
44
64
54
26
70
84
55
10
66
68
33
75
51
19
63
80
25
35
26
82
47
12
73
32
56
52
79
83
80
50
14
37
10
13
44
53
94
36
6
52
11
24
26
63
22
4
90
13
50
63
94
38
17
13
53
59
48
82
21
81
4
76
80
13
50
1
73
13
67
96
33
12
35
5
21
31
22
34
11
76
52
5
57
14
18
38
13
11
32
86
18
23
85
29
45
80
62
82
69
17
55
56
51
3
64
63
21
22
6
21
25
35
8
66
32
51
42
7
39
1
97
55
24
10
32
55
17
49
86
61
4
15
56
65
29
4
53
78
56
76
90
97
89
60
39
84
48
36
21
11
86
81
48
51
15
52
91
7
9
55
97
66
87
72
51
43
26
70
91
54
54
42
28
63
93
12
31
32
71
94
38
2
11
46
67
88
6
95
36
65
37
49
68
18
82
3
57
23
99
19
98
51
19
46
51
97
9
49
26
56
86
37
50
79
38
4
97
76
17
29
22
2
70
94
6
90
10
21
58
82
66
46
44
59
18
59
51
28
39
61
57
57
93
19
50
22
54
47
2
22
75
53
66
97
26
45
52
12
35
100
50
92
31
99
85
54
67
4
85
47
73
70
85
27
4
7
95
40
5
16
23
53
65
22
56
56
78
86
37
32
76
2
18
61
45
95
11
52
42
21
12
12
50
9
23
89
23
17
55
62
42
23
20
80
64
8
39
33
16
56
2
72
33
54
95
41
98
9
8
13
67
29
13
45
95
19
14
14
12
4
75
95
90
81
45
69
65
97
90
60
77
83
56
34
41
48
62
2
69
88
67
83
3
22
51
33
23
22
48
37
65
46
43
55
42
98
78
19
38
32
41
24
73
93
25
2
90
70
74
49
80
47
93
43
10
62
90
11
18
56
36
51
94
51
14
37
43
18
56
61
96
9
29
66
33
71
56
56
26
56
40
28
75
96
65
48
61
92
40
66
60
81
25
27
21
85
60
54
36
74
84
23
29
79
100
29
25
83
74
25
2
12
19
93
46
29
27
25
10
75
12
95
89
84
86
33
99
64
9
56
40
11
4
10
85
16
52
23
90
80
63
88
66
10
19
1
14
68
10
60
8
65
2
2
49
49
18
92
28
37
19
71
86
13
31
34
30
4
63
60
82
69
57
31
96
42
81
42
92
6
69
72
70
83
70
16
1
54
80
41
60
15
99
5
50
19
63
38
51
1
61
29
8
50
62
71
36
78
35
8
81
61
94
64
13
67
1
69
41
58
49
14
75
2
53
17
38
46
95
49
24
32
52
28
44
56
37
97
30
38
15
76
99
20
68
12
51
12
70
17
13
15
81
64
89
61
32
55
93
48
68
90
19
73
19
99
1
63
18
22
42
40
43
22
79
67
53
84
91
15
43
83
78
97
60
86
68
23
100
67
76
93
14
57
90
24
73
79
69
66
5
31
34
32
92
43
65
24
7
65
60
17
31
87
77
17
54
13
80
20
17
62
99
17
18
61
67
65
67
7
51
40
47
71
14
27
74
46
20
94
90
87
5
28
79
20
35
2
49
71
66
73
62
20
26
11
1
42
56
59
26
51
75
100
88
64
68
45
48
18
27
56
53
33
95
80
49
38
70
69
61
36
5
73
81
53
91
35
38
92
99
34
33
22
26
52
15
61
61
82
70
77
34
61
9
7
100
69
72
15
94
12
11
78
72
83
81
43
47
61
64
74
50
7
33
35
55
51
70
47
76
10
81
23
63
82
55
72
75
25
63
41
79
90
89
26
86
62
96
42
41
37
28
28
15
78
41
16
71
49
85
8
36
58
56
50
25
95
40
70
67
67
37
17
2
57
82
80
80
86
70
59
25
38
50
34
78
84
12
96
42
24
25
8
31
21
53
49
28
80
51
96
69
89
50
24
40
60
57
60
89
11
13
43
8
57
96
21
68
80
82
36
83
69
9
98
84
29
29
41
74
31
1
14
28
50
44
4
71
21
31
12
79
80
98
75
61
38
43
84
29
56
94
97
38
97
25
23
78
91
52
86
18
40
67
85
24
18
87
48
9
67
26
90
87
1
10
83
40
53
57
32
95
82
62
3
33
63
50
21
28
63
91
29
99
69
42
59
49
69
48
32
80
82
13
76
21
77
75
95
50
7
82
47
97
71
54
90
41
24
94
49
3
42
94
74
71
66
84
10
44
87
94
35
85
64
80
36
58
55
16
71
28
26
93
66
26
44
12
80
8
46
32
99
64
2
54
44
73
71
16
13
5
1
73
35
23
18
85
54
88
94
18
19
23
17
17
90
41
54
32
45
62
30
