100
5000
72
46
90
5
86
91
61
66
59
61
59
91
24
29
36
27
60
18
48
61
94
30
20
36
47
86
37
10
37
27
39
15
73
94
83
1
81
67
75
13
61
34
43
32
3
20
1
81
66
6
66
22
58
28
83
19
38
28
68
4
9
12
34
86
44
100
39
48
30
49
83
7
2
86
18
96
47
55
81
34
79
11
17
70
1
40
92
77
44
28
14
59
18
64
87
44
82
27
1
100
12
42
83
43
33
22
18
85
65
19
68
95
91
67
27
66
73
67
35
82
88
59
88
53
6
8
82
80
68
95
24
72
34
89
86
23
59
64
96
12
89
85
60
93
71
44
13
98
19
36
3
32
94
47
82
4
49
38
19
26
90
69
77
46
48
41
22
63
79
72
97
36
35
59
52
63
99
52
88
81
93
69
94
97
36
75
45
9
56
69
87
18
92
96
22
55
28
7
46
52
33
6
82
75
75
40
15
80
34
93
74
96
46
17
38
34
45
12
36
44
44
43
15
32
88
53
68
94
82
6
43
5
85
42
19
7
12
38
29
29
35
10
44
3
63
5
32
14
95
51
12
6
26
70
33
42
22
46
99
99
30
50
38
62
85
98
55
53
42
87
39
4
30
89
91
12
37
71
13
23
90
45
74
57
97
53
67
31
65
58
33
46
98
43
16
35
15
37
92
64
25
5
51
82
21
74
77
8
82
94
46
58
54
25
42
5
44
90
78
56
15
86
54
59
9
78
85
38
92
7
98
100
81
7
78
87
53
24
41
85
44
34
36
37
59
57
27
51
92
82
39
8
17
99
55
72
100
86
30
93
8
98
26
37
38
71
90
46
61
75
23
9
75
86
48
55
1
75
74
49
86
30
88
97
42
5
83
19
39
13
62
78
61
5
1
89
74
45
8
98
18
40
25
20
52
86
10
68
12
41
16
75
54
70
73
89
30
39
21
38
50
32
41
85
18
23
52
60
58
56
50
55
34
26
66
98
42
94
70
96
100
100
77
88
50
10
41
10
24
82
99
51
29
83
39
61
78
86
96
14
45
36
89
91
21
34
95
27
89
47
44
86
76
30
53
87
80
87
42
52
100
26
6
45
46
87
44
43
79
59
38
78
44
51
82
55
55
73
2
34
83
68
8
100
95
18
24
41
37
79
12
43
1
78
84
54
78
85
45
62
2
71
42
22
91
90
13
36
46
43
66
51
95
25
83
85
84
55
35
75
34
92
65
57
73
60
12
79
42
5
46
52
9
85
29
59
80
77
19
4
27
16
47
24
5
13
76
41
68
94
79
75
29
48
31
16
60
9
9
8
51
22
12
87
14
29
97
60
81
37
89
85
5
3
94
69
26
20
72
55
17
95
44
1
72
67
46
74
7
18
47
72
93
99
67
76
100
99
42
75
5
53
15
19
96
82
38
39
89
71
23
7
42
60
70
30
86
71
10
14
94
64
95
28
16
78
95
5
2
96
25
81
96
94
6
97
68
57
66
14
100
93
58
46
36
91
42
75
24
95
20
73
87
26
91
55
7
52
41
39
63
80
86
20
60
87
32
49
79
65
33
60
12
10
60
24
10
49
16
59
15
14
29
79
3
71
6
50
36
79
39
25
35
99
55
94
26
75
11
87
83
66
41
50
21
46
69
30
52
18
85
16
47
33
43
35
15
61
13
28
41
49
19
59
94
23
4
19
67
82
71
93
62
81
79
52
68
94
72
36
90
31
100
36
3
36
26
81
93
75
6
34
70
23
43
52
41
35
21
25
16
59
44
69
62
44
48
57
39
67
22
79
48
53
20
77
20
83
5
95
43
96
56
48
97
9
35
6
99
30
92
96
39
35
76
16
22
30
34
82
45
62
69
73
57
17
26
36
8
65
76
31
5
25
22
59
85
70
72
31
82
80
5
61
54
91
70
47
15
65
45
58
1
33
66
82
81
29
47
26
87
23
31
64
75
40
93
48
48
51
92
51
13
69
37
54
33
26
94
52
90
34
80
59
99
98
17
61
99
67
16
28
63
5
48
44
65
58
31
74
32
84
48
85
80
62
13
28
45
80
38
45
99
100
27
13
76
97
100
23
15
20
60
62
89
13
18
68
82
92
66
96
33
48
48
57
22
48
1
43
38
93
23
66
79
70
33
1
45
14
25
4
19
8
91
51
89
40
14
22
82
9
12
65
74
72
63
100
48
58
95
98
69
54
32
92
2
87
45
28
18
9
100
94
18
93
19
21
89
80
54
26
39
63
2
99
98
4
10
76
48
4
94
19
26
81
11
85
14
95
51
8
51
94
71
93
17
12
58
33
59
78
34
74
23
39
53
64
23
12
64
49
99
70
65
92
28
20
47
66
42
75
50
91
5
78
23
42
50
41
9
18
35
81
6
29
10
33
73
93
31
22
87
66
33
30
34
52
40
91
76
89
22
69
1
88
79
86
99
53
43
15
20
63
50
46
78
2
22
98
42
21
84
9
58
61
83
75
82
67
16
85
4
91
8
60
34
43
51
33
71
64
60
81
81
30
18
87
94
85
39
13
82
5
34
58
21
9
69
7
82
82
44
6
13
77
86
58
62
81
50
99
93
82
72
50
96
33
11
72
55
8
78
48
95
50
85
9
12
43
67
62
47
17
35
46
39
84
63
50
12
29
44
44
94
90
26
24
71
88
45
38
84
37
59
4
77
70
29
46
83
43
46
94
11
75
1
87
82
7
35
75
10
43
1
38
6
59
84
65
81
7
26
92
99
21
54
99
60
2
77
31
4
37
87
23
83
90
46
54
25
25
78
14
21
29
4
61
73
31
93
27
65
3
89
87
90
41
64
36
26
49
83
57
5
27
65
18
85
78
96
72
82
6
57
56
23
42
63
44
44
93
46
27
10
19
17
80
7
88
88
43
77
44
39
32
17
38
68
53
96
40
45
88
73
2
98
58
4
88
51
38
75
85
13
54
47
48
82
94
71
48
73
46
81
48
36
43
37
27
89
45
70
87
47
82
59
26
42
89
60
73
80
89
78
34
48
39
94
72
84
76
14
70
94
96
38
86
27
48
47
34
3
85
94
89
16
50
17
11
16
79
88
91
96
100
20
35
27
2
51
83
71
45
32
13
62
30
32
28
17
61
70
97
27
85
86
65
55
76
54
49
55
93
31
83
93
19
98
26
17
71
48
32
69
100
54
19
24
84
61
74
12
99
64
89
98
25
2
57
53
59
29
40
63
5
21
19
75
66
69
35
36
54
64
54
47
97
52
74
100
86
64
76
75
7
89
48
70
94
50
2
38
77
12
100
92
46
52
92
49
71
97
66
46
13
7
21
76
71
89
65
27
82
26
60
29
84
61
99
38
100
14
44
40
10
85
31
57
72
15
32
96
86
61
91
54
63
47
68
83
33
9
66
49
75
79
18
94
20
39
83
70
60
42
96
61
33
31
62
11
36
13
7
39
2
26
75
80
58
85
93
75
17
70
64
19
19
52
28
52
91
51
78
58
22
94
14
58
66
26
15
74
58
55
59
44
24
43
95
67
47
57
84
75
69
60
29
68
92
29
53
39
33
30
24
18
15
63
48
8
92
31
19
85
68
86
3
56
55
68
9
78
64
90
23
58
84
34
50
42
1
81
96
55
62
48
62
52
11
30
4
23
82
15
42
92
21
41
70
47
14
87
5
69
99
52
88
35
5
94
52
95
21
55
93
74
98
50
28
7
11
41
53
64
38
45
37
19
80
60
28
89
96
92
24
85
5
47
57
5
89
78
95
67
15
66
36
57
66
52
76
56
60
32
87
24
68
7
92
48
71
1
13
33
10
1
75
98
11
99
57
15
19
22
37
96
3
2
97
49
38
67
18
22
68
44
57
1
95
3
23
50
2
39
100
10
95
88
6
55
78
62
10
61
81
43
52
70
61
70
59
16
69
72
77
90
58
85
35
17
46
39
34
63
40
46
22
23
90
96
69
36
29
46
27
45
84
80
49
53
19
21
85
45
97
12
77
99
39
58
23
3
27
22
34
91
51
55
55
98
11
21
23
68
39
99
58
93
94
14
83
13
76
33
39
100
91
7
13
92
54
38
44
82
55
49
24
42
32
48
76
53
42
95
63
80
77
58
90
1
61
12
28
58
8
27
11
36
10
22
11
66
41
42
91
72
82
49
88
16
71
83
43
81
55
16
13
76
9
6
59
17
65
25
28
96
30
80
54
88
7
65
16
50
2
11
56
83
40
37
44
27
62
6
73
74
96
33
8
19
76
82
93
15
35
62
92
4
10
99
100
59
28
5
82
36
83
4
9
23
65
8
70
71
5
71
13
22
36
47
7
82
69
78
79
17
26
88
39
58
62
37
38
84
17
8
24
100
44
60
63
49
45
27
42
2
75
8
83
15
78
42
58
99
80
73
81
37
90
32
45
12
50
34
15
97
88
66
20
68
56
88
10
22
7
80
65
40
26
50
46
96
73
4
100
43
9
34
40
38
96
86
93
35
56
48
29
45
40
75
52
74
45
84
52
10
34
72
96
30
8
64
24
7
75
58
30
82
29
92
63
43
43
69
25
100
40
17
67
37
93
16
69
65
46
64
77
55
49
17
31
1
56
61
95
76
6
72
62
30
28
74
58
66
63
4
9
90
66
86
100
59
28
4
70
93
26
7
33
32
43
92
65
33
71
57
68
70
61
78
83
78
52
81
93
7
26
78
2
6
75
76
79
28
37
38
83
6
43
9
64
87
52
87
26
24
12
8
17
18
27
69
92
50
65
65
93
25
31
86
72
4
4
60
16
53
82
8
1
34
70
30
16
51
46
35
20
4
79
90
45
6
36
82
43
17
59
12
95
91
83
24
83
88
1
58
81
92
42
1
27
14
31
4
7
94
47
43
61
62
61
97
24
31
78
25
60
19
68
51
92
57
99
42
45
1
89
82
96
61
36
23
68
26
3
63
67
75
24
5
89
37
7
81
4
58
21
4
57
12
85
42
82
26
57
34
2
68
53
86
41
38
10
74
68
98
86
71
78
21
60
15
88
72
81
57
12
80
18
30
88
24
33
91
65
8
18
27
51
75
12
36
83
35
24
22
48
4
55
5
76
28
95
70
62
12
6
64
15
91
80
91
90
82
73
71
85
77
33
82
29
96
53
71
89
72
30
48
51
91
53
5
52
64
41
10
79
36
16
5
74
10
8
57
24
66
43
20
95
3
22
30
38
64
22
21
78
87
24
46
41
90
7
43
49
79
52
5
41
96
43
80
46
66
46
50
78
6
66
62
17
70
2
84
41
2
64
7
79
48
7
10
66
10
69
61
92
32
1
73
99
40
83
79
65
93
94
88
28
55
56
34
6
26
81
43
9
36
19
5
68
19
6
11
57
66
59
10
40
13
1
85
5
77
64
21
8
94
18
8
65
23
59
42
7
28
3
38
79
45
16
15
42
47
59
3
76
60
81
5
39
53
70
15
80
21
40
64
77
1
33
16
3
17
93
6
60
52
40
39
47
53
62
65
55
19
99
72
78
64
80
66
44
26
80
69
43
3
14
96
93
53
100
92
12
36
56
49
86
80
62
31
2
19
84
73
20
19
51
5
28
17
51
51
39
66
85
58
83
88
68
70
8
92
78
52
74
82
5
77
98
61
39
18
59
30
60
42
45
7
39
70
11
58
91
57
92
30
29
5
3
84
65
21
38
68
13
64
37
61
50
8
20
12
80
5
39
69
88
24
74
5
5
77
91
23
56
67
21
60
51
72
53
29
17
85
68
77
52
11
77
54
65
87
14
1
54
57
34
7
84
15
66
80
80
24
23
16
49
32
3
69
89
83
36
97
72
73
78
92
54
96
74
7
82
56
53
50
12
97
63
9
56
96
64
76
77
4
88
14
31
18
35
34
95
5
63
90
26
8
46
67
17
9
61
45
86
30
23
48
39
30
98
15
48
80
82
46
87
81
86
16
52
33
9
77
58
83
81
89
11
44
79
6
76
4
20
31
85
97
99
55
82
25
61
55
32
3
74
14
22
61
96
93
57
46
94
60
15
64
72
100
89
74
5
48
95
100
27
69
15
35
53
95
92
83
67
77
18
2
47
12
99
25
76
79
45
25
67
44
30
48
89
70
50
16
6
44
59
50
60
32
90
80
22
12
10
9
56
4
19
45
62
32
36
19
62
23
83
13
92
9
54
54
1
45
15
83
44
81
51
2
99
44
95
70
28
39
20
38
19
51
6
29
73
61
34
61
78
47
46
32
96
57
18
92
36
38
17
48
23
16
75
49
89
86
24
94
96
4
2
59
50
79
4
50
40
58
8
10
32
85
63
34
32
18
15
14
37
98
24
32
73
25
83
59
42
25
82
52
68
24
19
41
67
94
28
38
6
9
18
55
66
83
51
17
27
29
94
62
95
99
58
89
90
41
44
56
58
14
43
32
100
23
25
39
16
12
72
97
40
83
83
60
11
60
93
6
60
100
9
52
37
76
86
85
63
71
88
9
98
80
69
95
71
52
84
21
42
36
27
36
41
100
30
71
64
4
59
12
82
21
72
71
19
5
64
77
48
84
53
66
12
15
77
81
25
9
34
45
4
55
44
78
51
57
10
89
37
54
86
31
81
33
30
96
15
85
32
35
98
61
15
31
26
83
76
9
41
60
89
60
17
6
74
11
22
70
56
71
6
70
82
73
88
1
78
39
53
97
64
79
9
52
63
45
5
53
96
75
42
71
26
28
9
5
78
42
75
90
61
15
8
31
97
6
74
70
13
31
18
83
100
99
45
60
60
34
4
69
37
59
88
50
55
70
65
30
90
87
77
64
7
85
33
22
46
10
61
41
50
21
86
4
40
38
17
39
12
43
68
50
71
56
5
50
4
70
42
26
5
93
66
99
79
42
47
78
12
8
64
4
62
62
96
55
8
95
43
71
81
27
26
42
20
75
94
11
66
73
58
72
27
43
39
83
22
93
53
34
96
18
3
32
33
76
83
78
86
9
67
70
12
97
88
68
70
46
21
6
2
54
7
35
87
42
78
1
25
9
100
97
96
49
10
16
11
44
92
69
53
83
58
88
50
87
90
71
47
76
90
28
36
32
27
67
13
41
69
76
42
40
54
50
35
96
95
95
31
26
30
69
40
14
45
86
37
97
48
32
90
11
81
85
65
74
1
94
84
45
18
3
66
93
83
2
45
3
80
52
94
71
47
41
31
22
5
90
35
40
59
15
97
39
84
3
15
53
68
7
43
44
97
18
28
35
91
63
22
18
48
92
34
34
61
18
80
72
86
50
38
47
50
98
7
91
87
27
23
39
31
24
95
38
38
12
12
27
22
74
98
75
58
67
10
28
17
13
61
8
99
24
68
14
53
88
24
31
22
17
63
79
52
51
11
90
40
49
8
66
58
14
29
57
97
2
57
16
4
38
65
78
45
8
44
12
35
8
9
1
32
7
60
90
16
57
19
77
99
59
61
53
91
5
27
82
90
68
32
56
21
100
33
47
75
44
50
45
15
40
61
26
12
1
31
20
56
61
71
6
62
88
54
84
43
80
72
64
35
26
84
60
79
78
47
77
1
47
89
69
5
17
73
44
78
37
30
96
43
45
68
44
14
24
8
68
10
18
63
47
13
52
92
54
18
40
45
30
49
18
99
96
40
14
15
55
52
91
77
56
9
43
80
43
35
62
13
25
61
65
38
18
88
89
97
71
86
89
81
13
25
21
60
74
17
72
13
23
72
76
9
66
18
77
84
21
34
19
77
23
80
41
43
54
28
24
7
90
86
82
20
79
37
79
34
47
53
63
57
19
16
39
90
81
100
73
5
81
67
17
91
30
57
18
58
9
68
86
46
6
12
47
68
17
79
69
87
86
43
83
68
81
82
89
22
17
17
100
28
68
90
51
9
88
24
62
98
89
92
3
52
36
39
15
61
29
31
66
87
7
79
100
79
93
85
97
27
15
44
23
44
94
49
58
5
28
31
97
71
35
95
1
65
6
2
31
64
26
55
3
65
5
23
54
94
8
60
54
34
37
84
87
26
37
19
45
77
52
71
31
58
34
99
11
92
92
8
79
40
49
19
66
50
19
87
25
79
21
35
19
1
16
99
69
36
38
16
78
66
99
35
14
46
64
23
78
78
12
5
13
7
85
48
80
74
34
60
34
46
84
39
54
71
5
47
84
61
58
35
13
44
53
75
71
57
67
42
70
74
70
42
34
68
28
44
59
71
30
22
45
56
13
27
83
100
99
75
36
86
12
52
87
11
7
38
48
49
85
45
24
39
56
15
12
63
21
16
83
5
72
83
62
83
17
63
3
90
18
34
8
20
88
39
94
6
75
14
17
5
50
36
52
55
13
6
23
51
83
17
94
32
46
49
11
42
44
11
16
3
93
97
16
60
51
39
46
20
57
31
78
80
35
56
87
81
25
23
33
14
94
55
27
19
11
85
75
58
43
7
37
53
65
42
86
48
55
6
16
75
83
71
58
85
98
44
22
36
86
3
21
56
42
52
68
78
85
96
78
15
33
97
73
57
22
46
48
91
73
7
38
46
6
98
97
53
35
55
31
8
76
4
74
52
52
66
38
71
4
53
83
45
5
58
86
29
28
78
71
43
6
45
28
24
98
77
57
53
63
26
68
91
68
83
72
3
67
35
72
40
65
77
10
49
34
89
17
99
16
35
10
69
23
47
20
99
76
46
12
62
86
51
2
95
71
100
42
56
84
16
69
72
3
79
36
8
46
46
99
61
35
17
80
10
5
88
2
37
99
97
60
65
28
64
100
90
13
65
79
72
54
89
1
18
91
97
9
17
55
29
85
4
7
64
19
11
8
58
28
92
69
86
30
67
26
46
57
32
25
52
49
31
34
7
40
47
16
40
11
80
52
18
81
99
14
22
73
14
13
80
64
58
24
58
30
59
32
73
2
7
72
99
92
67
3
56
95
34
70
52
27
3
39
30
8
21
64
25
19
46
11
28
83
11
36
33
51
83
23
31
49
7
28
12
89
95
44
15
25
18
86
96
10
20
100
52
98
42
78
79
35
72
74
57
8
28
41
49
22
67
12
7
96
75
54
96
9
74
13
55
25
79
96
74
27
16
32
73
44
20
93
55
74
33
89
89
81
35
28
16
91
74
27
56
100
20
47
87
61
4
6
76
5
44
50
10
88
89
85
47
76
93
92
42
71
60
13
31
84
90
29
42
65
31
30
81
6
16
44
7
26
90
51
23
62
26
34
78
78
33
60
55
46
88
83
41
78
16
100
6
24
44
18
47
63
59
62
47
79
62
51
9
61
72
68
99
32
92
73
3
87
1
71
27
64
25
45
64
100
29
74
21
39
47
86
90
77
30
84
45
4
42
24
90
78
63
16
49
42
37
33
55
11
60
37
22
79
51
95
2
76
17
87
97
53
45
39
12
7
93
65
88
100
69
98
100
60
47
96
59
98
48
36
93
94
29
63
42
39
7
86
45
10
1
66
13
23
74
14
48
99
32
82
93
66
21
92
48
87
67
66
43
40
50
25
22
72
12
57
22
4
23
78
92
47
56
47
13
62
20
75
82
32
21
5
34
21
98
43
47
33
15
82
98
17
85
1
44
94
8
42
39
67
31
87
17
98
39
53
37
62
68
72
100
1
30
47
12
95
75
92
34
10
25
46
42
67
4
73
69
96
10
68
32
70
45
63
79
78
37
92
15
31
35
72
14
54
100
83
39
25
15
97
67
100
42
44
67
77
64
92
19
60
92
2
25
93
28
90
33
34
70
66
54
96
84
60
81
58
24
18
92
75
19
26
79
35
27
15
24
70
37
74
43
3
41
42
10
60
72
33
43
19
93
25
96
84
90
16
54
91
1
12
7
10
49
44
78
62
18
40
97
12
94
16
53
15
88
81
89
58
37
91
94
80
50
98
27
42
13
43
39
92
17
37
28
60
82
96
20
8
9
98
20
51
62
20
4
53
55
38
1
90
86
49
38
97
41
13
45
58
29
92
32
27
98
61
17
1
75
65
95
20
81
75
69
32
32
29
75
48
10
89
97
94
16
77
67
19
68
70
39
11
67
43
7
78
94
94
17
57
65
46
91
75
1
89
53
89
32
48
17
26
17
65
90
4
61
41
40
67
4
72
81
98
32
84
95
69
89
30
39
46
63
68
92
71
67
59
37
86
66
78
25
58
66
23
71
24
29
91
10
23
69
32
96
6
94
52
74
51
76
87
91
49
50
16
29
44
51
98
59
10
92
73
29
98
73
11
62
99
81
5
47
18
40
46
3
3
9
78
51
17
27
78
66
63
10
27
22
15
93
31
51
33
66
29
94
20
31
37
51
3
50
35
72
5
97
6
42
17
14
54
68
63
42
76
100
29
13
5
70
86
8
96
33
53
67
28
1
85
7
30
84
99
66
79
70
27
42
63
27
3
8
33
85
87
9
75
9
86
89
52
44
10
39
63
72
97
21
33
60
95
79
12
94
50
44
11
57
48
23
40
72
85
97
65
2
13
96
47
32
30
10
5
24
92
45
82
63
30
63
33
96
60
20
22
30
7
89
12
8
72
89
59
95
82
2
7
67
95
16
3
83
91
68
11
3
41
3
96
65
40
34
46
29
55
47
17
26
68
29
5
19
32
76
43
64
58
51
91
58
83
28
98
12
56
48
33
7
90
6
99
26
47
72
81
67
99
28
84
86
81
36
75
44
3
17
97
27
22
8
77
42
11
29
15
25
2
7
43
100
58
71
57
91
7
55
40
53
77
25
14
28
48
77
76
98
75
7
93
51
23
22
54
75
39
60
74
70
36
63
90
83
33
38
26
18
43
31
67
8
77
73
11
99
15
21
46
67
74
57
22
54
88
44
10
93
47
30
57
21
31
45
73
29
43
45
13
18
68
55
57
55
91
72
75
22
69
97
89
70
37
94
96
22
98
72
5
19
11
64
54
86
83
64
88
95
9
54
36
32
16
68
27
75
5
27
21
71
16
79
100
30
66
44
72
41
47
58
52
35
94
94
4
44
98
9
71
10
21
44
15
61
54
97
87
94
41
70
64
75
91
43
59
21
32
1
95
52
33
32
94
43
39
30
84
2
29
66
91
1
69
9
45
98
100
89
96
23
10
61
1
22
17
69
10
13
77
57
100
73
91
98
98
47
53
87
22
29
77
88
17
91
42
68
72
92
48
93
60
62
47
17
68
33
19
27
22
48
35
50
35
26
14
53
38
68
87
17
7
46
96
45
4
36
31
74
88
34
43
49
17
53
22
6
64
97
58
8
94
80
40
26
39
40
75
21
3
32
