200
500
123
68
1
59
62
74
7
65
158
67
55
71
88
51
72
9
154
144
14
112
35
150
131
35
160
58
190
165
40
35
107
177
160
39
25
5
185
29
55
99
117
2
130
15
77
33
124
8
130
21
15
196
191
141
51
131
188
30
117
44
110
139
68
161
164
13
28
116
53
37
186
177
61
129
56
179
49
181
95
49
151
186
197
99
126
111
138
137
110
40
73
8
136
76
52
84
1
34
60
92
54
55
162
156
183
178
142
171
55
56
137
180
23
130
183
163
11
74
118
191
160
74
171
162
17
36
121
156
32
39
199
34
3
63
69
40
120
173
24
147
162
95
81
118
46
66
169
56
113
108
91
4
74
152
81
100
76
194
9
106
192
127
175
39
150
63
28
85
106
6
117
102
108
77
133
123
193
196
30
74
194
30
168
45
149
181
98
64
50
84
42
66
110
108
72
146
45
185
195
17
138
76
147
28
150
140
27
50
158
140
97
145
196
165
160
152
181
15
143
34
57
18
63
176
162
116
164
89
128
100
46
183
65
74
2
21
23
188
31
128
178
41
83
137
41
10
77
196
162
69
47
145
5
146
68
41
27
194
94
79
70
134
42
3
95
40
192
74
38
123
86
137
51
126
159
14
83
178
11
120
139
110
48
158
145
146
193
170
141
118
84
43
43
63
9
21
95
173
167
141
52
58
155
53
89
141
79
109
171
189
19
196
172
31
22
145
36
181
171
168
62
38
49
121
175
172
187
200
52
150
68
178
140
61
6
174
104
145
33
42
18
98
24
126
14
68
150
54
33
112
200
62
156
189
133
116
150
104
107
102
116
88
186
191
97
21
58
152
75
143
193
118
74
87
34
146
33
18
68
74
35
82
16
126
53
42
139
189
187
188
108
115
84
155
109
102
191
30
5
26
44
17
128
54
195
154
179
160
38
43
93
106
135
46
116
47
172
62
147
162
180
124
14
82
150
114
81
167
79
27
183
99
113
113
21
68
21
195
70
54
5
143
175
190
61
99
151
117
194
135
118
8
197
3
187
138
2
145
29
140
106
169
116
131
131
132
11
38
54
180
106
167
16
63
191
156
53
41
83
165
171
49
122
40
40
14
38
86
51
75
185
30
170
157
125
36
170
31
96
45
