200
500
106
157
171
72
65
113
174
136
113
17
55
73
160
101
151
93
128
30
18
29
32
174
116
109
40
67
198
120
92
131
44
158
98
13
8
89
48
156
56
68
156
107
71
104
159
16
149
84
83
55
124
195
99
106
103
27
64
4
100
161
184
1
8
105
38
122
153
96
160
195
57
3
39
87
122
77
109
189
5
96
158
181
30
199
161
171
87
39
183
111
120
61
95
61
62
62
9
59
41
48
18
172
143
17
134
196
147
196
17
110
81
175
14
13
166
61
17
155
126
126
109
138
85
160
83
21
59
19
68
148
82
170
17
68
40
92
174
92
133
119
52
188
85
76
54
155
49
120
27
180
81
153
11
37
95
167
38
113
131
200
23
7
96
147
43
6
118
9
105
96
32
38
138
52
124
71
67
154
174
121
29
129
90
43
88
105
195
57
142
108
145
136
68
162
189
187
160
48
54
5
2
104
156
78
175
3
68
200
122
115
90
176
121
57
149
188
40
69
117
135
73
173
87
91
82
193
130
79
132
142
155
28
36
16
174
80
153
168
39
164
166
8
53
123
87
70
170
55
28
194
196
33
71
48
77
167
40
10
170
8
67
29
169
18
154
105
31
97
93
178
155
94
94
59
156
130
147
167
141
20
8
159
140
179
181
167
100
161
3
141
139
26
15
136
93
128
72
113
99
152
150
10
149
154
26
185
38
59
16
113
39
15
11
78
167
167
164
184
61
57
2
114
183
192
34
108
136
30
20
75
37
100
31
131
88
50
81
176
25
11
44
148
9
34
138
191
181
191
104
3
28
3
182
10
69
58
142
136
75
125
192
120
8
56
92
79
16
36
87
30
6
97
72
35
77
95
17
36
92
56
72
76
182
187
147
17
100
58
182
25
200
60
190
16
123
73
59
79
99
150
7
126
120
49
130
66
183
105
124
127
133
99
121
31
107
60
27
149
65
90
68
178
16
55
37
75
164
32
70
195
103
50
184
29
124
197
12
110
103
148
115
135
172
31
95
179
98
132
166
28
14
30
139
138
29
175
37
85
168
30
113
113
60
115
53
118
137
115
159
92
71
100
46
135
56
99
186
85
6
9
5
60
173
79
90
188
118
115
79
183
44
119
33
145
163
185
38
157
68
106
