100
5000
77
42
30
66
89
11
43
14
60
18
10
13
58
42
77
1
58
86
33
79
72
28
7
68
62
78
15
22
48
39
93
23
67
4
23
36
61
60
48
36
16
2
31
71
17
87
62
1
86
7
68
80
72
40
9
6
86
37
96
68
72
61
62
80
45
51
94
96
16
46
53
47
10
30
73
48
38
67
90
75
48
49
42
59
35
84
2
66
40
56
98
15
94
96
67
41
31
91
36
72
85
3
55
19
8
88
37
89
38
93
81
9
41
98
49
97
22
14
72
100
90
32
21
45
64
18
4
99
4
60
31
95
88
41
63
47
8
36
57
20
90
20
16
45
9
76
37
32
30
54
21
21
32
18
33
74
30
38
86
11
67
97
81
8
50
51
75
55
93
9
96
21
69
60
9
93
71
17
26
41
69
65
73
32
80
46
96
65
90
39
1
30
49
69
76
9
83
47
16
54
50
26
88
69
86
24
99
53
26
70
94
70
3
79
29
13
45
14
20
75
52
81
94
8
15
98
90
23
93
5
52
67
85
77
79
52
95
28
30
94
12
32
73
5
42
80
71
75
43
78
33
8
5
36
45
72
74
68
68
57
92
77
61
60
49
81
94
7
94
96
82
77
41
12
10
81
62
83
16
4
7
47
6
72
86
32
64
28
33
17
72
63
53
76
68
48
42
2
71
32
66
36
68
36
19
27
74
25
79
57
13
80
89
78
77
73
15
89
7
60
42
45
97
11
33
77
90
34
56
5
9
71
41
57
86
99
6
51
57
30
50
18
68
100
94
90
46
65
86
56
72
36
24
17
82
49
47
83
47
44
70
97
28
75
37
7
77
32
46
46
38
25
57
71
6
59
51
96
99
62
68
85
63
33
92
18
64
27
13
85
20
28
99
47
45
81
56
40
70
93
24
88
57
67
47
34
30
85
88
82
96
77
74
15
50
68
84
10
45
90
71
73
87
54
18
64
50
63
66
80
82
55
62
21
94
64
72
62
8
47
14
19
31
47
61
74
41
35
65
96
40
94
8
10
32
93
100
31
83
73
97
18
71
9
20
4
89
25
66
92
79
73
64
69
96
49
15
69
23
54
8
93
69
72
37
94
80
51
19
83
4
74
13
41
36
7
80
61
45
66
78
21
91
38
12
49
33
81
62
45
58
76
86
25
21
25
67
63
30
30
82
9
66
34
27
37
10
5
32
61
73
54
3
10
69
77
98
86
76
26
2
81
88
8
61
76
96
71
16
27
60
43
12
9
10
35
1
41
56
82
10
64
53
43
58
84
40
16
62
56
5
92
75
85
48
26
58
45
39
12
42
54
15
48
86
59
30
35
8
62
45
73
55
78
83
9
48
99
46
32
72
69
8
74
98
57
31
22
41
41
80
58
25
34
22
43
93
70
37
70
74
35
56
53
35
66
46
15
20
81
96
95
73
22
88
27
37
6
44
28
74
50
18
61
24
61
60
28
40
57
78
7
71
33
32
64
13
63
63
47
54
80
61
88
91
28
54
1
83
78
63
22
13
71
84
92
36
24
17
89
84
79
33
65
95
63
11
72
24
97
20
46
92
65
3
5
81
1
69
48
33
86
64
58
31
1
59
48
29
9
35
81
93
78
75
74
9
94
60
39
86
38
27
7
2
40
82
8
75
85
19
4
43
78
88
60
38
97
62
85
31
59
28
48
92
66
97
96
27
98
74
55
77
8
90
64
53
31
1
19
91
37
61
2
80
45
5
49
15
79
11
64
73
36
15
48
61
31
76
61
72
60
64
1
11
4
74
87
29
34
13
93
32
8
42
31
12
79
68
81
5
74
96
85
7
83
13
70
96
32
95
33
75
26
82
54
47
38
12
80
28
74
23
42
12
82
55
13
61
82
23
84
62
37
6
15
42
43
9
46
86
85
93
51
52
78
76
37
18
44
27
56
5
41
96
64
20
6
82
94
100
80
84
96
13
79
23
24
53
70
69
91
23
2
62
41
9
97
31
68
80
48
46
97
3
46
83
78
34
80
1
35
21
78
70
14
61
31
72
48
73
55
80
41
54
64
18
15
83
55
6
95
5
73
3
46
71
96
22
94
12
14
22
80
44
36
7
98
70
12
58
60
78
82
71
93
100
77
54
41
74
87
77
97
9
38
75
88
68
61
57
100
28
79
76
98
56
12
10
56
61
82
80
31
13
41
61
35
93
31
8
94
32
2
46
2
2
95
19
26
52
36
42
71
17
94
93
47
22
18
90
38
41
17
25
42
55
76
60
40
8
58
59
75
74
96
42
55
100
8
31
13
29
6
89
46
35
70
3
50
39
3
5
45
98
67
48
41
78
19
69
65
98
30
5
9
67
31
14
1
21
89
48
63
63
16
44
17
48
80
76
53
84
71
72
47
36
46
26
10
30
71
39
10
38
30
69
25
23
37
18
69
38
21
49
44
19
93
90
64
57
83
41
20
17
90
21
45
56
37
91
26
63
16
50
64
59
22
81
46
66
97
67
6
89
92
100
1
39
29
2
52
54
48
43
15
42
84
24
50
23
98
48
12
74
47
98
68
4
64
92
36
93
65
85
59
59
16
4
17
16
73
44
14
41
51
85
99
63
62
71
76
71
65
61
48
60
81
36
38
15
25
66
94
28
4
53
2
69
46
83
30
29
2
92
65
47
53
25
76
31
5
19
86
74
30
53
34
32
36
41
30
69
71
98
100
12
12
43
81
67
82
9
73
25
29
87
19
87
56
43
85
67
7
2
12
51
81
69
13
80
48
10
59
48
41
53
85
62
93
8
3
74
30
49
31
22
12
54
57
37
61
90
64
11
59
30
86
66
34
1
57
78
92
84
51
22
98
95
17
66
79
1
23
2
83
57
37
88
39
25
95
64
11
67
18
42
44
2
68
57
42
85
82
15
66
83
52
38
79
36
7
53
90
64
11
68
89
31
75
73
97
31
65
73
17
93
38
28
19
81
46
16
36
99
43
94
61
50
99
44
15
35
38
64
18
77
38
99
78
70
68
91
93
51
84
4
90
46
58
53
25
18
15
48
21
44
37
57
73
14
46
61
64
78
84
98
13
64
99
14
56
31
62
80
52
93
35
72
57
52
49
51
75
97
5
31
8
88
30
75
93
26
20
28
98
46
79
29
3
73
56
16
85
92
22
30
64
90
56
34
25
41
84
71
29
61
41
79
63
65
20
17
35
76
90
70
37
19
9
82
43
7
42
78
66
54
39
50
70
14
71
12
88
39
73
74
38
77
33
4
93
13
85
9
36
28
80
29
32
65
91
53
54
16
31
41
73
73
19
21
45
73
91
79
84
19
84
66
33
49
22
45
16
36
55
54
67
61
43
90
89
81
35
48
89
61
79
22
86
48
38
97
94
63
87
88
73
45
67
57
30
52
19
88
36
99
42
26
93
71
60
32
24
56
4
45
6
100
15
92
16
28
34
34
89
20
45
13
98
26
78
64
86
22
30
75
38
29
39
55
34
35
12
8
91
100
19
39
25
28
99
27
51
61
87
61
15
89
7
10
76
18
49
91
51
34
36
13
77
60
73
28
83
47
7
14
49
43
52
50
46
61
97
14
63
63
28
19
14
72
15
27
64
93
88
17
97
9
54
90
12
84
89
24
45
74
72
12
81
55
2
16
20
97
56
99
51
38
67
37
50
10
54
17
81
70
12
93
77
92
63
88
55
54
60
100
12
43
46
45
35
33
67
55
73
73
81
50
38
67
75
3
19
68
8
16
49
67
38
2
70
22
7
65
57
10
69
14
64
91
79
63
79
81
85
72
36
75
31
31
86
27
18
10
40
98
53
68
7
22
68
23
10
52
57
65
69
54
51
58
73
81
12
44
46
71
11
49
53
19
79
10
66
95
62
3
31
46
48
81
57
77
43
71
100
72
43
81
22
85
86
50
14
26
83
33
57
40
79
79
49
76
25
72
58
93
43
12
2
95
95
7
94
98
76
4
19
45
42
67
20
69
43
38
28
37
33
52
12
92
22
47
26
95
40
50
20
72
36
34
12
40
89
15
74
15
12
76
39
4
81
78
38
59
28
70
75
2
99
81
58
45
22
82
88
7
78
72
32
54
82
100
74
34
2
57
45
85
63
69
9
90
89
57
62
29
89
47
15
8
18
9
64
18
6
1
48
48
76
83
36
10
78
29
3
52
16
14
84
59
70
30
33
47
51
85
7
9
14
60
85
37
52
7
42
70
45
95
90
64
78
29
61
17
47
32
26
13
32
28
91
7
75
38
70
16
55
81
95
86
34
30
55
85
79
67
84
97
5
7
72
11
62
75
2
78
65
2
46
96
15
48
73
100
92
66
93
56
62
47
22
59
43
86
51
25
79
67
70
44
35
55
8
51
22
79
15
16
49
28
56
96
3
27
64
44
64
34
88
86
30
71
96
16
91
99
65
88
63
30
69
90
21
30
65
93
14
60
26
32
36
6
38
76
90
20
19
89
16
58
13
69
20
87
38
65
77
20
86
40
2
53
92
44
62
24
43
44
40
45
52
72
78
66
13
72
91
37
43
34
94
15
37
54
32
52
67
59
4
97
21
56
100
46
99
32
5
74
73
19
75
37
90
14
97
92
22
84
56
14
41
20
76
21
26
19
33
60
68
99
47
66
70
15
91
6
60
7
14
54
82
6
71
77
87
67
36
60
48
8
73
31
13
10
100
68
53
22
81
20
3
83
77
58
42
86
17
79
34
36
12
84
34
16
22
81
65
18
59
18
14
33
72
94
38
56
8
85
86
98
83
99
32
13
61
88
1
31
16
82
21
88
66
95
75
26
33
14
39
22
50
46
2
63
56
14
46
20
88
52
40
26
7
98
22
45
16
57
16
96
47
87
85
68
28
82
69
36
5
71
16
10
4
15
53
71
54
95
55
11
28
38
83
22
74
73
96
30
48
17
66
25
100
98
36
83
4
89
36
67
34
90
15
56
44
80
69
6
40
63
30
90
52
89
73
71
48
99
40
39
59
88
47
30
45
70
11
44
36
46
48
83
56
59
25
78
70
16
65
13
76
71
51
1
14
57
20
81
90
86
23
38
33
99
92
11
66
63
1
1
83
43
9
78
65
28
47
80
41
90
34
51
67
28
38
92
51
88
40
60
90
56
64
35
93
35
28
12
93
62
94
79
17
25
7
4
60
86
3
19
2
4
34
7
15
3
62
38
81
13
44
25
86
40
67
97
88
91
78
67
29
73
92
26
55
82
11
30
73
97
17
50
1
80
100
35
47
17
43
91
3
46
98
42
96
23
70
72
70
21
62
10
49
53
7
80
36
45
64
92
40
78
48
98
51
43
97
86
56
99
9
48
94
99
30
3
68
97
57
13
6
70
97
25
85
42
81
90
15
65
48
35
31
25
10
5
18
9
72
94
55
60
29
94
77
55
75
62
68
62
46
31
25
35
84
72
8
61
22
54
25
18
56
83
26
59
46
33
97
14
22
65
59
24
1
39
72
9
21
26
86
79
84
67
92
26
8
90
42
59
69
17
45
49
54
74
63
61
93
40
38
47
17
39
6
11
31
16
87
77
15
59
74
80
61
68
100
84
57
47
21
40
50
15
86
100
56
96
94
88
97
85
55
63
22
92
40
89
52
83
11
69
39
79
78
58
57
99
67
38
64
80
2
19
3
85
84
31
36
3
64
8
37
57
20
100
72
67
7
10
30
43
52
73
20
32
71
35
1
86
42
54
93
91
98
31
37
92
41
49
55
64
71
28
64
54
79
89
35
85
64
91
8
71
5
61
25
98
25
79
97
92
51
71
5
96
13
37
35
99
96
2
44
74
15
5
29
56
9
38
15
11
31
81
45
60
4
53
48
6
77
46
7
55
99
76
72
65
100
59
63
53
97
81
59
20
20
24
72
83
21
42
68
32
53
89
91
72
80
69
25
62
26
66
1
61
61
79
45
35
31
77
78
64
91
25
14
66
92
71
69
34
51
73
1
34
94
58
74
93
100
87
22
89
49
1
11
33
4
25
54
73
58
55
79
90
59
63
69
10
7
97
41
55
86
98
28
99
57
89
45
24
24
89
41
48
70
82
74
29
91
97
30
30
60
20
67
4
68
5
32
73
39
13
41
18
33
81
55
93
49
70
7
29
71
32
71
6
61
76
58
59
32
98
97
63
58
70
21
40
100
57
96
28
33
11
1
5
12
89
41
88
15
3
85
32
91
6
16
64
22
7
27
37
41
55
80
84
42
87
13
29
76
71
23
100
58
16
22
35
19
75
1
12
82
4
3
72
43
52
36
3
61
10
31
44
33
45
13
48
38
31
47
70
45
1
89
17
9
77
57
48
29
90
63
45
57
51
25
68
39
26
21
17
90
100
88
58
59
97
27
47
76
32
42
97
55
7
37
31
52
38
36
93
49
23
52
89
56
79
72
20
94
67
10
83
76
16
50
26
25
7
17
37
32
10
17
96
55
93
61
30
60
60
49
17
72
94
14
49
8
76
35
23
66
45
14
23
46
79
52
90
64
37
3
53
35
57
3
83
36
22
11
52
84
73
80
60
66
12
82
50
7
15
26
89
48
90
9
86
43
65
58
8
48
82
87
60
48
19
68
69
99
57
2
70
80
39
71
50
48
75
94
37
46
96
26
24
78
1
40
34
15
50
53
95
73
73
37
16
54
79
49
23
2
8
93
70
41
49
65
62
58
49
2
46
74
51
81
84
82
84
32
52
4
19
68
32
93
51
27
68
84
10
28
19
21
66
68
37
92
1
29
52
44
69
82
12
8
5
24
89
7
45
9
61
55
76
77
2
62
10
61
82
19
95
7
25
88
72
80
20
90
92
65
94
93
31
61
16
47
7
64
11
49
99
50
53
98
5
97
84
60
6
40
63
44
85
32
63
93
32
65
83
8
80
82
73
33
14
19
54
43
8
36
91
85
33
92
77
10
57
38
93
25
85
72
6
25
82
38
91
44
5
52
15
28
14
40
24
90
40
68
43
72
82
48
44
97
69
92
4
17
93
27
62
88
9
77
19
67
3
100
21
16
3
57
80
68
23
94
94
40
61
9
12
58
11
2
15
51
17
75
72
100
60
55
47
46
65
13
30
94
91
23
86
87
19
11
98
80
28
11
38
91
88
31
87
38
83
36
89
85
68
62
2
26
23
99
89
73
79
42
2
48
47
9
67
9
85
16
22
62
52
98
60
44
5
16
12
7
80
34
77
31
55
93
13
28
88
11
55
80
79
15
59
60
46
68
53
53
55
37
82
36
73
31
60
21
68
74
19
29
7
70
63
61
35
71
14
85
33
18
76
29
1
43
38
15
28
88
73
63
62
48
81
32
79
58
50
32
62
49
76
65
24
2
34
90
22
68
99
32
10
58
35
83
10
58
57
52
27
71
45
54
75
22
98
66
57
66
64
48
8
9
17
84
59
92
78
17
58
75
69
8
36
23
76
85
82
94
45
47
82
32
96
4
29
71
31
37
82
52
96
91
33
5
45
43
61
26
47
68
9
80
54
35
24
97
31
26
88
12
60
45
26
34
5
67
47
10
86
87
93
5
94
64
58
27
24
85
9
56
37
19
31
78
28
34
46
78
4
6
68
20
15
6
52
27
12
57
51
52
32
12
79
28
4
83
70
46
4
85
89
25
89
61
13
100
11
49
53
96
96
51
30
9
69
78
3
91
66
61
71
88
77
85
94
39
11
63
16
83
9
77
53
51
13
41
56
24
31
42
36
8
8
87
15
62
12
24
40
48
84
88
20
40
60
51
74
66
86
16
65
58
1
34
27
96
87
82
20
60
42
95
22
14
31
15
96
5
5
24
17
6
22
30
58
52
31
35
25
86
42
59
50
77
51
84
2
98
36
77
69
92
21
69
15
15
91
77
42
10
14
56
23
42
21
84
62
9
80
6
27
94
60
83
73
92
79
85
24
91
99
46
13
16
73
42
45
8
78
2
91
73
58
69
75
61
82
27
33
93
9
90
94
28
40
93
61
23
46
46
19
12
10
99
98
81
76
4
87
55
85
28
29
67
60
36
33
15
42
6
77
49
29
87
43
60
51
80
22
28
44
71
92
47
45
9
20
45
5
88
64
5
82
47
95
49
24
64
20
67
90
96
35
61
40
6
54
62
16
53
94
19
95
11
58
31
78
61
55
3
38
19
69
8
41
37
90
55
94
2
58
27
99
10
59
52
69
29
75
78
34
1
63
74
64
14
62
94
22
43
22
32
45
50
43
60
25
100
48
79
22
42
26
43
27
51
36
29
10
38
29
68
76
8
92
2
43
30
68
12
83
8
46
29
42
51
32
98
68
8
43
75
6
87
26
78
10
68
31
43
77
57
30
1
36
69
61
55
37
56
44
71
96
8
37
60
66
27
62
27
14
76
67
29
60
37
83
36
45
92
10
48
16
26
85
44
59
76
10
96
83
96
2
98
94
9
85
85
75
74
53
22
53
1
43
9
86
67
68
10
87
77
11
97
18
78
54
6
91
87
7
69
41
27
7
91
87
87
24
11
21
5
96
23
38
77
81
96
94
78
36
86
68
29
42
72
85
14
33
89
69
51
41
62
58
7
19
94
16
78
34
48
55
15
31
72
45
84
21
40
1
33
26
98
47
20
68
13
69
67
11
52
11
20
21
68
90
51
82
83
85
47
14
63
30
22
52
64
35
6
14
73
18
61
39
46
16
52
94
79
3
24
26
32
67
22
3
27
24
13
22
70
48
33
97
26
2
69
36
85
19
26
72
97
41
58
12
83
29
19
81
26
41
98
77
54
36
24
33
6
78
84
23
33
88
89
11
23
23
55
65
31
59
78
99
7
62
36
52
7
22
91
68
88
20
17
83
48
51
55
83
17
28
76
78
52
61
42
34
67
75
21
98
100
97
69
89
4
77
38
5
65
85
69
31
13
100
96
66
23
68
5
50
35
26
30
90
27
42
77
79
43
100
87
47
26
76
25
75
62
56
38
9
3
33
86
33
26
40
22
75
92
60
68
18
50
14
40
58
9
48
70
72
84
48
58
81
75
74
34
24
48
37
26
82
69
57
97
58
3
50
21
6
81
40
10
75
9
82
42
69
59
76
23
35
53
98
14
33
80
49
6
89
55
55
10
61
17
63
33
12
93
11
5
97
51
52
57
43
69
17
14
10
67
42
47
33
11
33
44
96
51
36
71
61
3
87
43
3
43
74
49
58
84
27
18
49
9
87
49
21
90
21
37
92
83
56
65
4
32
41
39
20
3
71
13
40
17
26
92
59
44
82
35
11
96
61
5
34
16
39
35
76
14
71
42
13
41
43
43
69
55
90
17
49
38
75
48
13
36
40
23
14
65
51
65
46
32
57
30
43
65
46
69
71
40
64
78
75
35
95
93
94
78
25
13
99
3
67
16
7
26
89
78
70
70
10
66
8
86
87
71
90
53
15
14
3
100
74
88
76
57
38
35
94
87
25
19
22
25
78
16
5
59
41
36
88
45
93
80
42
51
67
48
47
14
99
24
53
83
13
89
65
26
17
24
18
65
1
32
73
60
14
96
29
99
8
100
6
86
76
52
48
74
35
21
49
62
17
88
62
10
65
7
60
5
91
32
98
67
51
27
2
7
89
41
55
71
56
21
78
2
56
53
11
9
15
47
65
33
45
96
73
18
22
21
47
74
98
49
60
30
78
55
15
23
38
62
9
81
50
74
86
46
33
56
96
43
95
77
67
39
60
7
32
49
87
9
24
31
16
5
35
9
11
45
2
39
38
15
52
82
31
24
73
17
87
30
66
5
73
63
6
59
57
86
15
37
66
78
66
100
32
93
97
61
50
99
91
77
82
71
25
90
29
73
26
39
97
27
91
48
76
88
82
91
17
62
18
64
22
82
87
76
63
3
54
59
34
15
93
35
29
65
93
73
72
70
69
88
87
31
53
71
47
60
28
96
56
2
12
49
22
15
47
7
80
46
79
13
59
98
82
62
96
12
74
92
96
67
41
58
60
92
30
49
17
73
60
19
15
29
86
96
92
76
66
78
86
47
70
47
69
60
34
6
24
93
32
57
27
60
65
32
89
98
25
23
30
33
13
61
36
44
24
62
41
37
41
5
33
5
71
21
97
28
16
89
79
80
70
58
73
29
94
66
81
54
86
69
56
75
2
4
69
82
96
86
77
17
84
13
18
22
30
28
63
70
77
13
65
41
44
87
94
35
67
75
36
17
91
18
31
72
77
51
1
44
36
59
29
62
69
75
17
21
36
63
20
24
5
74
65
62
77
99
76
71
55
49
7
74
8
20
71
7
88
95
57
94
93
96
6
56
21
33
55
22
67
65
38
52
36
90
78
41
26
74
3
20
94
62
82
78
6
70
36
34
27
85
79
88
28
35
26
10
98
27
58
80
50
43
39
66
24
28
10
40
60
29
31
60
97
61
67
76
8
32
4
29
30
7
17
26
80
85
32
75
4
37
49
3
9
20
17
62
46
64
53
25
16
82
53
41
60
8
40
96
73
78
67
23
47
63
34
69
6
6
93
84
23
38
25
94
91
22
39
10
78
21
24
53
44
85
84
77
99
10
63
8
64
50
67
61
75
16
36
61
31
42
1
57
74
23
12
10
1
42
50
5
12
75
42
100
9
90
41
54
51
87
18
29
4
65
87
21
48
93
91
12
34
34
98
60
35
39
85
39
86
20
63
26
44
80
30
94
36
9
81
77
80
98
22
47
72
33
65
44
41
2
2
36
92
54
6
11
51
46
26
83
73
29
4
71
10
61
5
86
29
47
20
2
94
64
23
10
51
58
42
42
56
71
85
74
84
93
1
88
98
90
42
63
46
47
94
10
48
13
29
60
44
87
58
21
17
17
70
26
95
43
79
54
96
100
52
36
19
19
66
31
46
72
39
41
29
28
28
17
57
71
69
81
25
84
60
62
40
49
57
29
46
2
37
63
18
19
63
92
76
39
87
34
17
55
89
30
40
26
100
6
7
57
66
64
75
73
9
97
89
51
67
63
85
57
30
70
4
54
8
95
19
55
54
4
5
66
14
45
19
65
4
25
72
53
98
61
94
86
11
87
12
5
70
64
91
32
70
38
89
10
76
34
50
63
66
94
9
8
79
3
34
52
56
85
19
79
24
41
85
3
82
51
11
98
28
17
45
42
8
20
16
82
6
82
17
4
91
8
65
5
24
87
86
17
19
21
69
36
12
55
75
31
37
92
85
72
45
99
99
52
12
98
88
26
3
47
23
34
36
6
22
86
38
88
96
81
76
26
10
49
83
74
26
15
46
24
