100
5000
96
94
2
35
75
72
23
76
50
87
81
34
75
25
14
79
15
84
93
90
53
17
85
21
1
8
31
77
41
69
47
7
62
4
81
1
50
23
21
57
13
39
59
3
29
96
44
23
83
95
57
28
65
98
43
69
53
43
42
28
70
97
7
46
28
45
50
29
15
94
40
24
5
21
13
61
39
53
71
53
30
16
91
71
23
12
66
78
66
30
73
37
57
56
68
87
31
73
91
68
81
24
62
28
9
17
56
65
27
83
29
90
99
37
25
31
2
84
10
14
43
18
33
72
98
25
46
61
9
89
33
18
70
57
57
11
7
43
86
97
66
58
95
60
4
30
67
10
86
36
69
82
63
23
96
83
52
91
38
72
85
35
47
49
92
10
5
54
98
85
5
45
50
88
8
80
17
78
23
76
53
35
59
72
49
9
3
22
14
89
57
30
28
32
5
83
78
75
41
33
51
9
44
84
50
53
20
39
76
48
63
58
78
43
89
40
5
8
51
97
23
6
41
67
86
54
4
42
54
69
48
30
50
51
49
43
55
7
20
31
53
14
65
67
34
55
96
80
3
19
59
69
58
96
71
3
10
54
89
35
73
18
16
71
19
4
44
89
6
33
53
75
98
6
36
96
8
53
75
76
50
3
25
58
31
69
55
31
1
69
37
97
20
100
96
25
39
69
21
20
29
92
88
82
95
85
50
24
36
28
95
16
35
98
2
79
19
70
32
71
75
82
37
56
15
42
85
23
82
22
12
7
34
93
86
97
11
5
7
48
3
64
7
21
85
31
95
90
14
94
78
17
70
58
46
71
70
65
51
41
27
13
82
43
5
24
92
75
90
45
14
93
71
17
5
66
2
99
53
84
91
45
97
6
4
57
55
37
8
1
36
58
74
53
61
23
22
89
84
23
84
80
22
14
89
50
14
93
73
17
9
13
31
7
30
45
93
5
41
63
52
91
56
80
23
52
29
91
21
92
79
45
14
61
62
88
76
7
1
62
34
53
41
21
58
93
73
15
69
48
21
9
84
99
33
49
61
14
51
47
84
30
81
59
89
33
55
81
2
15
91
100
2
15
3
38
2
98
87
77
82
24
38
64
50
97
47
40
22
24
37
84
65
100
24
39
93
60
20
47
90
33
10
70
40
39
32
31
68
74
80
13
89
89
2
48
68
66
81
99
2
67
54
45
4
88
95
70
74
12
42
89
64
59
52
20
77
16
2
84
87
57
89
11
14
76
90
16
56
48
6
54
79
5
5
95
7
84
55
41
48
16
8
62
88
51
62
94
91
61
17
85
74
93
8
73
11
74
63
35
13
48
86
15
20
37
49
55
97
78
78
90
40
54
7
83
39
83
96
97
81
91
28
59
79
13
95
47
92
72
40
25
94
14
93
36
59
52
48
59
8
79
45
6
49
24
22
50
10
79
47
15
30
74
96
56
74
40
89
58
6
68
47
55
33
81
74
35
63
100
39
39
36
77
1
95
6
40
14
85
92
32
25
8
4
75
59
5
37
25
65
37
64
80
62
40
3
96
51
70
76
94
66
98
51
10
3
90
22
77
90
67
7
45
82
98
41
78
28
23
71
44
69
13
32
13
11
39
22
8
21
98
26
63
2
3
16
2
11
85
19
12
68
91
58
90
47
15
70
95
47
86
74
2
83
66
60
31
92
55
71
26
23
41
99
81
17
75
66
75
71
49
18
58
29
34
71
5
63
80
41
85
30
49
81
37
56
21
10
13
62
31
29
14
83
61
58
59
29
89
42
69
33
26
95
66
58
57
43
77
35
36
52
51
70
36
68
57
23
19
19
59
79
8
21
68
63
51
73
78
48
67
1
26
89
65
49
58
50
5
59
21
60
53
62
45
87
37
88
44
96
32
98
2
52
33
50
71
82
74
19
42
22
34
51
64
33
55
58
67
21
24
15
39
28
81
24
71
22
58
38
79
32
65
13
16
92
46
66
52
53
37
59
22
22
46
24
78
79
9
13
95
93
86
7
95
73
44
76
39
94
32
81
94
51
17
41
25
78
17
43
35
76
14
36
22
37
71
23
85
77
61
99
99
43
12
44
36
92
4
26
34
74
20
59
15
26
83
58
17
55
35
55
2
81
60
52
51
54
30
59
11
27
28
96
1
28
91
83
4
85
53
84
34
53
50
88
56
95
92
89
94
62
60
38
9
18
71
70
81
20
86
71
1
82
94
49
33
34
6
34
54
84
21
90
14
90
30
6
13
30
27
67
64
7
27
94
46
51
8
69
73
77
78
18
6
19
27
15
66
12
92
50
9
24
64
9
24
52
54
64
7
85
97
95
51
18
19
75
20
27
96
26
28
82
67
37
32
86
10
33
14
17
81
80
61
9
28
50
54
13
55
46
69
63
50
38
11
24
90
58
74
51
89
88
8
69
81
12
56
85
2
72
44
62
5
78
33
96
25
40
99
76
34
85
47
100
75
65
97
33
28
25
12
38
37
9
27
93
76
84
85
69
67
62
9
76
49
67
94
41
72
12
97
64
83
3
57
25
99
48
5
86
6
35
34
75
70
99
72
30
74
44
52
26
57
90
53
80
39
61
19
73
14
8
55
80
18
20
97
70
55
70
61
21
59
63
68
72
59
100
84
40
66
19
7
77
6
52
88
79
48
10
88
19
95
72
71
29
95
85
29
54
71
73
87
10
99
28
3
79
61
57
6
33
81
20
53
43
12
62
71
35
90
63
62
56
82
45
6
93
5
19
97
82
30
20
77
22
40
29
39
86
30
86
43
85
20
19
57
81
23
75
57
66
60
21
64
97
75
12
72
28
61
45
94
41
21
25
23
48
31
75
55
44
61
73
34
62
22
83
23
82
54
20
84
71
30
85
14
77
11
47
6
59
5
56
68
26
93
68
44
96
62
11
19
95
29
69
59
100
74
19
14
31
15
86
13
64
64
54
69
77
57
8
9
78
73
20
13
28
94
89
77
89
77
17
29
71
33
75
56
71
47
17
7
99
99
78
71
35
79
62
1
43
58
12
7
51
32
34
85
5
22
37
46
34
33
56
50
29
27
81
78
9
28
89
53
79
35
52
52
51
2
72
89
62
33
93
6
79
78
15
76
58
59
57
55
42
43
59
11
67
82
8
11
93
35
6
42
52
78
67
59
90
38
80
1
91
13
100
68
77
71
26
10
79
11
47
92
56
68
61
55
28
38
34
85
60
24
13
4
29
24
16
75
14
56
11
1
22
37
39
17
33
35
23
40
59
86
87
88
9
52
97
80
1
43
20
98
61
51
15
34
85
68
8
30
99
59
37
78
58
3
58
38
6
35
19
6
19
37
21
77
59
51
2
35
23
11
81
11
46
21
79
34
19
67
38
52
42
58
1
25
39
85
57
21
56
36
98
70
55
20
81
88
31
100
98
51
82
16
58
63
19
7
100
83
70
31
2
2
23
22
64
23
93
51
56
70
12
40
65
89
98
56
87
45
28
61
68
46
80
62
98
90
71
15
63
38
72
43
78
33
70
43
85
11
21
22
62
97
34
4
66
13
47
32
7
42
74
96
99
11
52
44
89
66
31
40
29
69
55
45
92
42
53
20
27
58
82
8
99
29
30
37
99
88
9
14
86
52
39
68
42
59
2
1
78
81
47
92
28
81
69
15
89
40
83
35
19
53
28
32
84
71
26
70
65
8
99
60
36
91
48
9
60
53
15
18
63
6
22
32
38
61
79
29
56
93
8
71
47
95
87
70
100
45
90
29
86
72
21
66
79
31
45
50
23
56
84
27
11
11
85
81
38
100
83
66
8
10
91
59
30
94
69
100
16
33
52
17
77
100
64
37
93
67
38
79
87
65
37
58
100
38
92
2
15
62
93
57
22
52
60
47
38
48
94
25
12
46
29
53
61
47
93
64
85
56
2
2
88
62
28
30
23
63
66
10
49
34
56
36
89
66
98
42
41
21
8
7
8
78
41
62
47
44
41
22
96
5
77
66
65
89
46
97
95
57
13
25
78
41
26
55
21
96
91
66
17
87
1
87
17
5
93
3
7
49
55
48
36
51
100
31
67
16
91
31
13
86
78
60
57
28
37
32
22
44
67
80
78
38
17
67
49
29
39
77
64
57
96
50
100
74
1
69
11
42
3
82
81
26
100
70
21
22
23
71
14
71
46
16
34
78
5
52
86
31
43
55
14
21
1
19
49
40
100
42
29
75
72
52
17
38
45
38
78
70
53
20
35
47
67
83
23
59
30
91
23
38
6
86
36
75
21
47
12
64
75
7
39
52
71
14
29
50
68
18
72
34
39
63
67
84
20
19
3
77
92
14
6
6
72
49
94
59
47
30
33
26
84
87
49
17
49
96
16
16
61
59
63
2
97
19
91
84
83
80
25
67
47
44
71
31
38
16
79
24
72
61
7
60
39
87
38
76
45
73
42
51
2
95
36
95
72
29
96
27
63
46
87
86
81
77
33
71
22
92
9
77
15
73
36
68
46
83
44
78
67
99
55
95
56
93
35
22
57
70
95
81
29
84
24
13
25
87
98
53
58
71
14
55
70
51
57
6
36
62
46
71
79
77
42
37
74
11
86
43
84
6
62
89
69
3
2
5
57
12
52
26
62
46
46
64
78
17
33
19
28
46
77
21
27
22
13
22
24
40
21
87
100
100
79
77
78
28
44
35
13
62
71
100
57
14
30
23
18
58
84
47
20
53
55
95
34
53
95
32
27
86
3
13
23
74
23
61
32
39
56
20
66
5
72
93
97
9
67
70
79
82
34
14
99
79
61
46
53
72
73
12
57
3
12
44
81
86
63
87
96
14
12
58
59
78
13
8
95
61
75
2
65
91
24
3
12
13
59
48
90
88
2
49
2
31
91
73
58
96
77
46
59
27
65
10
72
39
87
83
93
12
32
61
33
39
79
77
3
62
32
75
15
90
68
90
43
92
47
19
25
36
22
31
29
54
26
48
82
15
74
88
39
7
74
16
84
84
57
11
41
44
83
39
92
90
5
62
56
82
93
14
62
79
18
42
47
50
49
62
6
83
40
17
52
44
59
39
79
8
61
68
3
75
38
14
22
9
86
46
2
74
56
4
40
8
61
62
61
16
55
96
12
92
51
3
26
69
36
54
89
20
53
25
69
30
99
28
29
5
12
75
22
87
91
13
44
69
75
45
92
82
23
47
49
73
39
44
14
76
67
5
100
58
68
78
80
87
80
3
85
63
24
96
63
20
58
19
66
38
45
65
6
6
30
85
67
54
92
8
45
61
43
16
67
3
91
48
19
70
22
51
70
60
62
29
22
39
37
15
6
32
46
49
60
50
1
52
27
79
81
69
62
48
17
58
63
76
35
88
16
44
74
47
11
22
97
69
82
48
37
40
74
16
6
64
51
74
31
5
44
97
36
91
76
28
15
25
92
62
57
70
63
81
89
27
70
14
42
82
15
14
27
34
28
29
45
2
25
71
56
11
49
57
21
64
97
12
36
57
80
26
99
36
79
36
54
44
94
42
25
79
97
13
63
60
2
73
36
49
16
14
31
4
48
51
96
47
34
93
81
98
51
23
12
96
1
54
60
8
89
81
7
92
28
77
33
56
39
36
33
78
82
6
81
90
62
26
40
56
76
59
100
75
18
89
29
95
10
33
39
61
92
86
49
90
50
60
41
29
90
26
85
96
23
19
41
49
27
68
31
8
95
79
96
34
95
27
86
76
41
71
53
25
38
19
19
87
92
60
13
50
13
51
38
15
4
34
94
69
57
42
81
12
93
38
22
54
46
38
42
36
66
14
72
41
24
43
66
54
62
32
83
25
79
20
32
67
98
75
81
88
40
61
44
39
50
10
94
29
49
66
50
70
25
9
67
79
83
23
22
5
55
23
34
56
75
51
19
53
37
82
66
46
26
91
94
28
72
51
81
84
54
69
31
84
11
62
53
3
61
68
69
57
50
60
100
96
36
11
22
60
62
67
35
46
98
10
68
15
22
82
100
74
41
59
38
29
79
93
89
40
80
40
62
33
21
25
2
63
63
14
23
49
77
23
76
9
61
53
22
19
36
8
61
77
11
2
13
83
54
97
11
42
84
17
97
24
57
22
71
49
65
23
45
83
15
64
15
5
28
11
39
56
64
33
86
98
64
45
24
21
12
53
64
41
43
100
13
76
90
85
16
9
71
11
51
53
26
17
74
68
74
27
37
59
46
70
2
70
79
42
69
29
34
30
98
23
90
1
5
50
10
57
4
92
22
77
38
18
30
1
87
76
23
58
55
76
85
84
83
18
71
12
34
72
53
21
4
12
23
24
80
49
80
76
81
81
72
32
26
90
65
25
1
94
20
32
35
97
52
56
21
21
11
36
57
87
46
7
73
81
87
100
71
27
58
41
49
23
55
48
88
6
56
9
47
88
87
58
25
91
13
71
73
17
15
49
2
5
39
29
74
2
73
1
9
25
47
2
91
52
40
58
88
71
80
19
30
48
81
9
66
53
67
42
43
66
100
71
40
36
36
25
99
77
5
14
17
91
82
29
20
99
45
6
64
57
89
86
35
14
22
47
28
87
55
81
18
61
40
61
69
56
82
67
31
79
12
95
14
23
52
99
2
18
2
95
95
19
86
36
95
15
93
76
14
78
82
41
5
89
62
92
32
76
52
73
88
80
18
91
53
91
28
72
23
98
33
88
31
81
96
74
61
76
25
90
98
93
57
21
92
35
6
64
45
73
72
44
78
17
8
91
20
4
38
19
27
18
55
57
74
71
70
47
27
21
26
74
46
32
1
42
95
28
39
17
91
84
63
87
26
36
35
27
94
78
34
24
79
94
61
91
14
11
95
60
75
71
63
92
59
77
63
86
13
12
25
17
77
2
16
88
76
2
64
73
92
24
65
70
76
85
17
25
89
93
87
10
31
24
78
3
48
41
82
62
80
87
51
70
55
46
56
52
5
52
95
34
97
97
81
77
44
17
81
94
9
65
1
49
25
100
42
27
94
19
55
21
21
50
70
14
34
12
8
5
39
27
48
57
88
6
66
89
10
9
21
37
46
82
81
65
98
68
39
68
32
58
77
30
51
68
41
24
16
33
42
19
40
98
24
70
36
57
5
78
81
54
79
52
23
36
43
56
8
15
12
68
44
41
37
35
42
89
16
13
78
69
97
9
59
12
99
18
68
83
64
94
53
28
7
48
83
61
48
38
43
83
74
83
70
19
49
87
60
56
33
92
34
83
74
57
52
70
41
71
66
55
95
15
39
13
5
62
48
11
85
1
52
85
9
49
77
18
5
69
11
57
38
3
31
22
55
97
76
28
18
84
78
67
44
6
62
65
48
6
82
51
26
82
46
54
42
84
66
14
33
46
42
89
95
51
5
22
61
99
91
73
6
76
96
70
45
3
39
39
28
81
78
40
23
90
66
60
40
62
34
97
37
12
25
55
2
28
35
55
96
59
20
83
29
51
83
27
80
65
34
51
16
34
65
74
3
84
21
73
98
69
64
43
25
56
88
72
33
80
29
30
60
30
56
10
59
77
74
97
92
67
10
96
57
17
28
59
67
77
72
18
51
39
95
72
37
73
60
49
22
72
47
67
22
33
96
53
1
24
68
57
39
28
4
22
25
96
74
93
66
48
96
91
67
53
21
59
36
19
6
35
52
98
45
90
25
39
24
75
91
79
25
99
96
9
38
27
9
30
79
84
84
81
44
71
34
43
9
58
69
45
48
49
57
8
50
58
66
77
23
67
64
77
37
70
3
20
54
46
98
23
16
20
75
26
45
65
68
50
53
61
97
75
40
41
17
17
74
75
34
64
39
66
82
60
11
54
51
59
73
91
3
95
15
6
42
85
90
80
25
4
93
3
22
16
78
2
78
4
86
17
71
54
21
35
13
60
9
62
54
23
15
22
41
58
76
36
27
27
17
20
83
73
44
49
99
1
14
3
76
1
53
38
39
40
42
19
29
68
52
62
83
83
78
22
92
10
50
57
43
7
54
62
83
71
87
94
62
68
97
85
53
79
87
75
66
59
60
64
5
53
36
78
40
32
53
36
16
47
66
80
73
62
82
33
11
86
14
65
74
40
28
54
65
45
83
96
38
83
69
16
51
29
43
76
92
83
52
100
24
89
22
78
26
45
93
19
74
90
30
9
3
57
60
67
72
26
8
34
98
6
53
65
5
87
74
62
73
92
59
53
33
93
19
72
42
3
96
19
45
41
17
77
64
20
65
75
32
97
84
99
37
44
64
97
25
78
12
54
54
70
90
100
72
1
16
24
7
8
88
28
57
53
71
79
17
9
57
78
37
36
96
49
75
30
69
38
21
54
24
35
27
86
16
12
97
89
65
24
87
64
18
81
2
37
48
57
65
88
43
94
41
8
4
92
7
36
35
29
23
71
64
2
8
43
76
39
59
95
20
98
79
39
57
87
92
41
61
38
35
69
1
75
4
44
47
97
92
46
88
94
30
6
88
92
2
47
81
32
41
9
74
100
37
57
61
49
78
2
4
87
63
64
25
73
81
68
95
71
57
27
61
53
4
54
16
42
32
98
15
86
49
26
29
31
28
5
68
3
54
37
30
100
7
58
63
17
54
40
97
76
6
70
44
40
65
1
77
1
95
92
10
53
75
84
81
29
65
91
67
100
43
88
81
80
30
48
34
11
48
32
96
62
29
29
25
80
2
35
52
76
64
84
31
96
38
35
67
38
19
91
44
33
60
1
55
80
79
6
37
71
91
7
72
46
79
17
17
65
22
87
87
67
7
42
45
27
38
25
62
72
55
61
73
70
18
78
5
1
80
2
12
98
81
44
87
74
26
55
95
49
86
99
24
43
46
69
15
82
20
70
47
64
61
6
16
98
63
74
75
93
72
50
63
49
80
12
85
7
87
22
29
26
6
93
96
90
70
97
6
25
66
3
53
32
15
87
96
48
27
22
48
88
16
20
41
53
7
48
37
46
76
53
31
10
42
19
84
16
63
47
53
72
60
35
71
95
38
14
86
47
70
85
96
98
65
40
19
26
45
52
95
56
32
83
99
93
49
56
55
26
80
31
48
43
77
65
30
20
21
73
89
31
55
4
33
46
66
36
65
19
50
62
1
18
73
97
8
19
93
70
23
98
12
51
83
61
50
60
63
85
5
22
54
56
10
97
74
27
48
59
18
22
75
53
67
42
18
10
73
43
31
91
69
95
68
6
7
42
75
80
64
82
55
69
4
43
7
42
58
38
31
89
49
5
64
94
43
24
27
91
82
94
95
12
73
65
70
93
19
97
90
43
76
41
34
51
53
19
79
76
48
83
68
21
78
89
4
11
3
15
45
81
40
56
56
7
54
53
82
95
8
42
92
80
69
83
92
25
35
94
73
69
96
31
80
2
54
94
39
77
5
20
73
51
9
3
68
39
76
66
14
16
27
29
51
3
54
51
33
91
38
39
37
79
39
77
5
80
60
85
37
74
86
47
14
40
72
68
87
38
10
34
84
22
67
95
49
11
15
4
64
92
46
34
57
91
96
20
21
23
67
41
84
69
42
39
8
53
74
98
36
94
70
69
4
24
12
10
82
30
63
69
44
39
26
86
76
76
24
3
81
83
68
55
72
52
42
48
71
67
88
23
25
48
18
28
59
56
48
44
85
81
1
98
44
86
68
28
19
33
34
22
2
24
64
5
25
13
63
29
89
5
71
28
63
33
42
71
56
2
28
97
67
68
12
92
52
63
53
51
70
86
93
42
49
28
72
57
48
14
34
69
59
54
5
57
40
49
39
73
33
100
38
87
96
7
30
32
13
14
11
50
48
64
66
77
93
68
60
47
73
96
4
45
12
79
93
30
73
97
67
79
24
7
77
15
36
43
72
72
70
55
64
24
11
64
6
85
42
32
86
47
77
1
93
23
14
54
64
55
37
6
86
100
60
18
43
34
87
34
1
50
54
67
43
6
23
4
94
7
86
44
9
76
21
78
82
55
24
59
47
5
67
68
57
50
21
6
31
90
27
49
32
42
78
84
77
4
23
14
93
98
41
62
97
25
6
70
31
21
9
2
69
13
22
12
3
27
98
23
76
29
16
45
87
40
31
21
23
7
21
9
18
31
6
27
56
11
96
2
67
69
4
93
32
45
69
74
100
58
1
71
43
95
94
58
71
60
42
31
7
31
77
37
50
48
19
99
24
71
93
80
97
49
69
84
59
65
58
72
3
62
98
18
82
23
34
25
92
43
60
12
9
12
71
100
97
1
62
2
98
2
40
70
51
50
94
10
88
25
18
70
96
15
58
68
96
59
97
35
17
98
38
28
86
83
21
94
64
87
77
75
53
35
24
88
44
26
17
12
64
72
89
99
43
52
84
56
74
63
45
7
39
39
86
63
11
57
91
87
86
57
96
35
76
8
70
71
40
59
93
17
86
7
49
91
7
95
3
73
37
75
27
10
27
86
68
69
79
55
31
87
36
63
97
65
52
47
1
7
25
77
34
9
36
67
46
25
5
21
29
58
2
25
60
1
13
65
97
36
29
12
82
42
11
3
79
17
74
69
29
59
4
8
30
21
61
29
25
75
100
64
50
4
58
76
96
68
88
85
38
100
24
39
82
6
58
81
80
26
55
60
33
96
58
40
47
85
66
21
50
10
17
66
74
50
38
4
79
88
84
82
35
50
38
66
83
62
27
79
78
7
33
88
64
41
79
30
19
42
6
11
45
61
65
26
3
92
64
56
52
64
26
28
63
67
95
15
74
7
98
34
56
41
67
87
28
89
84
48
42
41
66
68
26
72
50
11
39
63
63
93
54
71
97
72
56
76
63
6
80
40
51
46
42
12
7
71
7
16
42
69
91
71
16
39
52
61
62
76
7
64
99
29
13
95
79
7
50
11
42
64
95
11
42
82
24
51
86
40
9
42
30
51
46
79
96
20
5
21
16
81
41
34
23
65
34
82
61
2
66
20
98
3
95
9
60
49
39
58
28
3
6
15
2
11
34
36
7
70
56
27
66
81
56
23
95
61
47
65
79
2
85
86
91
17
46
24
97
35
18
4
16
79
41
24
9
21
1
96
63
48
83
20
2
88
44
82
96
82
44
51
36
29
14
93
36
29
38
73
11
48
28
5
78
78
36
80
61
35
50
72
17
57
38
20
71
60
26
7
15
18
21
21
75
94
34
15
87
27
93
27
68
30
81
5
53
88
11
57
12
13
28
44
78
58
41
6
87
20
80
15
95
85
30
56
11
9
17
36
75
71
89
48
71
96
68
43
41
2
83
75
48
14
35
8
91
57
9
5
