100
5000
35
33
47
99
87
85
42
25
73
10
19
89
80
60
71
64
42
79
9
48
97
11
24
30
79
17
84
69
50
34
58
78
88
80
37
33
91
16
17
46
10
61
15
24
84
4
75
70
43
43
43
41
8
56
20
83
69
14
59
3
67
10
57
63
61
65
6
97
72
50
12
5
40
27
86
22
80
72
56
92
7
91
20
25
18
39
48
75
93
11
74
52
32
92
93
12
85
58
70
74
24
16
64
39
61
12
49
85
88
67
16
23
97
70
74
2
80
89
48
73
45
53
34
36
72
25
75
21
72
31
39
4
6
15
48
87
33
87
28
42
12
12
28
46
90
96
94
72
21
19
1
17
88
62
53
33
32
33
37
56
31
5
21
65
55
23
96
13
78
66
17
30
12
65
35
48
85
29
76
85
42
83
77
19
32
85
66
1
68
36
70
14
85
42
24
27
65
71
77
71
35
82
71
73
74
61
5
64
39
84
51
13
76
75
82
78
88
40
28
78
84
69
99
87
81
62
8
69
31
13
45
67
36
73
45
90
78
1
72
78
39
32
99
21
10
39
56
41
14
14
93
33
8
94
65
52
62
3
91
56
58
45
67
3
72
79
25
66
88
29
23
86
35
86
72
72
45
34
32
21
26
9
31
14
45
3
10
49
21
86
8
95
41
42
23
69
12
10
18
16
75
21
49
94
14
97
47
14
98
31
32
73
28
22
8
45
17
44
1
13
22
52
24
29
79
57
24
64
19
34
18
38
49
93
37
11
21
40
2
76
64
80
29
99
95
3
4
88
59
99
34
66
95
90
100
17
8
19
100
56
5
67
1
36
19
13
54
18
54
6
27
51
27
52
76
44
79
96
60
46
81
74
57
35
50
35
57
69
26
57
7
20
78
48
12
99
97
2
53
81
81
39
37
59
12
30
37
49
4
44
29
98
100
39
8
90
19
9
97
71
12
16
3
7
43
42
79
99
100
90
26
75
33
91
52
75
82
32
76
75
47
95
34
73
85
90
57
44
50
94
63
99
55
39
55
22
11
50
32
13
49
7
26
12
37
75
20
75
52
10
92
40
99
82
100
67
59
31
85
92
63
63
68
21
3
84
84
100
22
31
51
34
4
98
35
20
10
20
61
78
100
14
50
22
76
4
51
33
55
50
49
75
66
1
90
2
76
99
35
12
74
3
50
11
39
31
100
76
49
26
21
34
84
39
23
4
53
52
64
57
50
38
92
80
45
36
40
80
58
20
1
31
32
54
83
29
86
91
11
30
72
20
20
100
59
27
87
57
80
74
56
96
16
56
27
99
19
8
39
68
82
6
22
96
94
77
79
38
27
66
14
98
8
26
50
45
90
66
79
91
36
58
3
17
3
31
8
36
32
29
17
32
54
14
42
91
18
21
97
5
18
63
49
87
37
7
5
66
42
25
14
90
93
24
31
53
76
12
54
99
81
44
50
74
4
85
61
29
78
8
23
1
72
4
50
39
21
87
20
78
28
97
6
60
2
84
24
86
4
63
65
11
23
63
58
24
80
11
71
44
91
22
1
50
67
75
47
49
12
2
47
25
71
72
64
8
9
98
96
46
22
45
85
3
98
42
69
52
92
59
43
21
94
95
98
58
54
97
86
33
10
74
46
25
84
5
93
52
92
18
51
94
36
86
84
42
19
29
32
78
59
50
83
1
99
47
53
86
59
12
76
50
81
12
8
9
13
84
81
31
62
3
3
98
2
37
24
61
95
92
30
23
91
16
64
23
17
100
73
71
10
61
54
90
75
17
87
4
84
64
55
62
26
64
17
8
5
82
62
40
33
78
15
54
53
99
8
74
99
62
41
34
20
5
22
57
93
61
25
45
12
81
98
12
52
45
21
46
43
79
5
14
11
58
39
83
75
98
61
57
32
57
63
76
97
22
45
47
87
98
13
22
70
12
20
82
79
28
88
50
96
90
31
46
40
41
23
76
31
4
14
17
44
52
91
65
20
97
30
96
81
47
85
42
87
24
7
35
76
48
45
13
59
13
89
57
89
44
82
44
86
86
37
14
47
21
14
29
9
100
4
5
24
74
71
12
8
88
94
96
80
48
15
66
35
33
33
17
49
66
47
92
27
82
35
41
35
48
69
75
68
75
20
52
47
43
100
38
58
33
69
17
68
88
56
70
21
87
61
83
1
50
62
10
69
30
32
87
75
14
38
8
63
60
33
84
90
39
58
40
94
68
43
19
91
5
92
55
63
90
6
2
64
73
73
86
9
33
83
25
6
56
71
8
6
7
89
63
45
87
12
70
59
31
85
42
3
69
63
41
77
46
1
100
70
29
36
78
65
46
44
49
85
21
8
84
49
39
37
62
94
66
8
7
21
21
3
43
27
35
68
86
28
5
16
95
79
44
23
50
1
33
44
41
43
22
95
94
28
74
19
67
40
34
32
3
99
57
99
78
9
19
57
84
86
79
35
28
24
39
69
34
88
7
18
95
33
33
58
45
69
100
98
77
35
41
8
67
70
42
54
97
33
55
16
22
23
85
39
86
44
10
56
23
46
56
86
70
58
82
61
84
18
26
13
68
54
98
48
96
20
75
65
90
92
51
43
16
16
54
30
27
52
4
69
7
63
94
72
68
96
74
80
45
12
99
21
86
58
18
98
79
4
89
61
17
13
3
32
29
83
34
85
31
88
44
60
67
86
56
13
25
91
33
25
30
75
33
19
36
86
2
40
54
63
30
38
49
18
25
7
18
77
56
72
96
94
85
69
93
54
73
93
42
70
60
8
4
86
52
78
96
54
22
50
38
20
81
92
17
44
11
36
75
69
95
85
92
6
84
57
67
29
70
3
75
39
49
32
68
7
3
15
43
24
5
37
34
17
28
82
73
7
39
25
17
70
90
10
72
39
56
63
54
85
38
32
12
37
90
64
12
92
90
29
21
60
41
49
62
25
44
10
99
19
54
3
43
68
48
43
51
86
4
66
52
31
20
93
8
95
22
85
69
44
98
16
54
1
83
18
92
66
29
72
78
8
45
21
20
12
24
79
57
8
36
49
95
21
34
33
40
11
100
12
76
63
73
54
95
7
25
1
37
42
14
84
53
36
8
59
9
97
7
67
21
43
24
51
9
91
41
58
45
16
48
33
55
88
17
100
84
92
31
72
54
90
11
67
32
99
35
34
61
45
75
87
84
5
49
7
33
76
62
23
23
1
60
63
14
64
26
88
86
45
59
72
12
41
33
69
96
37
48
9
53
89
100
66
22
86
80
98
68
76
5
22
78
20
86
86
73
83
56
51
96
45
48
56
11
8
13
33
89
37
90
7
98
21
21
80
94
17
66
39
26
27
66
33
63
34
89
61
1
4
70
28
88
28
14
33
2
76
33
3
88
67
65
40
30
10
43
33
13
70
60
24
19
3
23
85
66
61
99
2
90
9
46
98
60
12
92
52
66
32
97
27
81
89
9
46
55
96
62
25
20
54
99
62
74
26
100
47
19
77
97
28
21
88
93
70
14
24
68
50
66
65
46
62
55
70
56
55
74
53
62
53
9
5
36
39
81
25
55
52
56
61
47
89
26
47
57
41
18
48
6
22
83
5
69
43
79
27
43
65
11
65
64
20
14
81
51
29
54
55
88
31
65
16
60
65
75
39
93
76
95
58
40
6
93
74
78
17
55
77
28
1
66
90
10
30
97
38
91
57
48
15
58
53
22
45
42
13
84
33
85
16
90
17
32
55
2
7
87
17
53
61
10
89
11
95
75
69
97
61
48
44
52
24
66
79
49
78
4
84
34
26
1
55
57
83
12
92
76
6
21
68
58
37
45
73
59
65
63
68
25
40
36
21
88
5
77
41
98
13
4
95
32
24
82
56
15
24
95
25
79
54
18
6
59
34
73
34
25
27
17
69
72
96
14
40
84
58
28
69
95
21
28
66
29
26
24
16
19
39
61
86
71
4
84
38
83
48
58
83
63
52
36
9
98
30
18
41
18
83
80
70
83
64
76
39
51
56
56
20
47
62
19
52
10
97
100
44
35
67
42
58
54
69
17
3
5
36
73
10
25
45
4
26
93
46
59
94
81
25
30
50
79
40
69
55
60
8
71
71
86
68
92
9
30
25
1
28
49
25
13
89
95
36
30
57
46
63
21
24
98
56
55
44
82
9
4
8
48
55
63
60
100
13
20
86
76
44
42
83
88
68
17
71
63
71
68
41
10
31
7
71
20
22
66
26
43
43
7
67
32
63
56
65
13
14
44
83
83
55
65
1
77
62
78
32
43
25
79
6
55
31
52
15
74
17
87
46
52
57
49
50
78
52
75
70
48
88
82
71
82
56
91
9
97
65
6
86
100
58
94
53
95
15
13
12
42
29
72
71
57
79
22
95
52
80
85
84
97
86
18
61
52
33
48
20
61
24
21
40
14
15
58
25
53
96
9
16
95
15
73
64
88
46
48
17
35
64
4
14
65
78
25
42
1
38
9
26
68
48
82
84
96
31
22
13
43
70
18
4
5
63
73
22
39
62
51
37
60
97
70
70
40
41
33
68
42
3
33
92
61
1
2
16
38
40
83
30
72
38
10
86
65
74
3
94
32
54
27
48
74
33
92
6
6
58
52
78
62
45
88
68
47
41
78
35
22
91
53
9
76
73
49
23
8
91
59
14
77
25
62
72
69
51
24
46
30
15
77
69
61
57
35
3
76
24
96
88
77
63
17
45
48
27
39
43
5
52
70
17
7
7
58
73
20
57
22
71
35
50
5
25
14
38
6
31
47
46
50
14
98
40
75
65
80
48
31
60
28
60
48
43
88
4
84
59
75
10
58
75
46
28
23
40
33
62
28
97
41
91
100
65
83
11
48
37
46
70
83
36
5
23
32
59
43
99
19
10
73
98
23
36
45
76
57
96
5
64
99
17
74
23
90
98
65
98
47
69
20
81
45
96
48
63
96
50
59
12
49
19
35
94
70
47
29
8
72
67
67
98
48
23
44
61
3
62
18
18
36
90
10
41
81
17
20
84
64
26
71
44
57
31
84
27
20
7
9
89
26
73
67
15
16
81
86
7
95
24
40
22
79
26
33
47
8
94
11
63
25
20
72
37
60
100
21
36
85
54
93
73
56
58
19
17
12
82
64
50
95
13
38
67
62
28
32
66
6
46
67
88
72
80
39
79
49
33
15
85
31
68
58
94
4
41
19
82
67
46
2
43
38
21
95
81
77
37
59
51
26
34
45
58
29
75
53
32
67
64
76
3
72
39
7
12
1
47
46
68
23
2
63
43
19
51
4
96
64
70
78
83
24
72
30
99
38
79
2
72
25
3
63
25
78
95
86
66
30
19
98
34
25
68
92
86
100
93
74
59
21
38
47
14
13
61
85
97
2
62
79
37
18
72
19
76
96
38
77
35
73
37
76
3
14
83
15
52
48
20
38
5
59
1
31
13
12
11
38
71
43
26
43
39
90
43
88
30
69
48
82
57
15
37
75
37
88
54
29
56
92
90
64
67
17
53
99
48
79
74
52
21
6
22
96
44
73
12
47
79
18
79
62
59
72
74
32
99
4
53
1
53
92
100
100
85
10
38
5
76
5
85
69
83
71
29
93
44
8
23
6
57
92
42
72
53
89
89
2
40
23
22
43
13
79
72
1
70
4
25
7
65
23
83
16
53
47
64
41
12
33
59
70
80
68
25
83
65
83
21
48
93
25
5
70
82
3
34
68
28
16
28
56
50
46
78
59
95
2
44
26
85
31
59
59
33
70
24
4
67
87
43
16
89
61
68
70
58
93
48
73
1
24
19
81
96
27
85
90
30
8
91
95
98
8
30
87
2
83
29
99
17
85
90
98
99
82
63
17
59
66
67
83
82
77
96
3
44
25
55
81
15
27
39
57
27
50
80
38
98
10
9
37
27
16
46
87
43
69
6
47
2
97
8
99
97
10
58
13
40
78
90
80
8
2
15
35
43
23
51
58
77
7
78
69
7
30
96
79
8
6
15
51
9
87
74
8
43
100
2
85
80
73
75
23
41
5
87
97
11
66
48
57
77
76
35
51
18
51
12
92
66
55
2
5
16
76
39
93
61
96
9
13
37
24
53
87
2
2
85
20
99
3
67
78
17
33
74
29
22
29
6
74
67
63
93
1
17
79
3
99
64
40
60
57
58
28
66
25
6
44
97
2
49
37
44
53
72
77
7
89
76
61
49
92
50
73
50
1
48
81
88
92
22
66
40
43
89
79
84
78
11
39
70
11
70
65
19
24
19
4
47
22
83
39
91
16
32
97
12
90
62
14
95
8
18
82
55
83
91
5
63
95
1
25
72
62
48
87
76
42
71
20
63
11
64
93
29
50
51
81
88
98
33
38
43
83
74
63
50
52
80
100
6
67
95
56
92
29
25
72
75
20
41
45
61
90
14
69
82
34
55
52
75
45
41
36
61
15
65
26
25
39
23
26
91
91
51
15
6
86
85
15
60
70
26
4
79
61
96
12
17
91
7
23
66
14
56
34
91
48
96
47
68
63
47
78
14
65
61
29
6
22
22
21
63
87
2
33
14
23
42
5
38
85
73
56
91
23
47
34
36
31
9
58
14
50
41
33
17
98
18
22
42
77
76
86
2
53
44
22
92
47
90
12
20
91
80
73
62
6
9
5
29
68
61
37
84
17
6
25
57
33
33
99
42
48
80
47
100
90
96
22
60
68
14
17
84
19
28
62
16
11
6
83
62
41
16
27
48
78
48
13
50
66
100
80
13
39
68
65
40
28
100
70
95
64
14
46
61
11
70
44
65
12
21
44
24
27
8
10
25
2
98
96
20
67
85
93
97
2
95
32
96
80
58
36
1
83
18
85
91
70
16
70
13
69
83
85
46
64
1
2
59
89
25
20
25
21
70
83
43
76
43
70
13
16
68
34
98
34
78
98
19
57
85
83
72
27
62
50
100
69
66
48
28
5
96
15
23
59
20
56
38
50
30
24
14
81
79
63
26
89
76
80
44
27
56
41
14
83
26
16
84
89
8
5
92
43
27
13
99
78
20
87
2
33
4
44
46
49
6
42
75
74
42
28
13
55
10
40
38
62
10
92
85
54
36
60
68
96
86
64
8
85
57
37
94
62
59
69
95
85
41
86
93
27
62
19
13
65
90
73
92
26
2
83
87
76
98
38
2
99
64
12
17
86
59
76
59
68
5
19
18
100
84
57
43
36
100
97
70
69
88
23
70
42
81
20
41
76
59
49
24
21
86
32
54
35
62
86
44
62
39
40
79
47
68
11
37
27
98
64
74
18
9
12
42
49
23
72
61
85
36
53
58
89
90
3
69
41
46
72
99
73
45
69
98
67
73
96
92
72
10
79
56
4
54
9
95
23
67
16
86
3
34
22
99
13
95
91
11
33
60
76
30
31
10
1
3
6
87
78
25
27
97
64
21
33
36
36
49
30
8
23
63
23
91
40
94
2
77
33
22
67
60
45
82
94
74
23
9
94
86
39
52
42
99
30
19
35
1
60
38
69
41
73
15
53
28
24
22
12
98
20
2
54
12
57
44
59
46
57
83
84
26
98
53
17
66
34
79
22
29
54
21
1
74
19
49
30
67
18
3
57
27
97
57
78
16
42
45
8
31
69
35
61
76
4
16
19
63
72
19
34
18
70
80
90
94
30
14
94
46
62
89
2
97
22
41
9
28
39
54
65
3
22
21
24
9
36
86
36
38
37
32
87
63
39
96
51
46
98
14
12
3
8
52
3
37
61
4
64
19
26
29
38
92
49
81
57
58
1
40
25
73
50
40
43
46
15
52
52
16
69
60
80
75
32
68
69
36
70
59
70
45
31
31
80
78
43
78
22
49
23
81
6
72
17
99
74
78
25
90
75
33
21
1
29
71
73
49
43
67
20
58
71
89
8
1
83
30
62
24
30
56
38
86
88
12
32
19
27
46
76
58
95
29
51
66
4
54
1
78
84
7
20
100
90
67
27
60
8
80
14
71
16
22
69
14
62
44
72
29
6
20
75
75
84
8
55
72
40
44
28
49
47
83
28
46
14
97
37
16
57
35
66
82
15
93
42
19
65
98
80
50
31
16
58
77
29
81
31
33
74
6
11
68
13
51
96
2
46
36
83
2
12
42
63
3
87
79
25
97
41
82
40
34
92
86
73
28
35
7
90
92
3
40
81
50
27
79
78
87
100
3
52
81
28
92
87
90
96
50
58
11
49
36
6
59
46
89
43
12
82
63
55
84
71
73
80
35
38
14
33
51
49
95
2
24
57
47
86
93
62
94
34
70
1
80
34
57
3
42
26
68
90
51
90
80
56
12
52
88
93
67
34
18
9
79
92
65
94
76
41
100
55
95
39
2
74
59
12
64
51
83
29
69
89
94
80
57
41
69
70
32
16
50
63
22
70
9
65
69
65
22
15
62
40
72
72
56
78
28
89
78
40
29
19
73
98
2
70
36
68
50
73
72
10
85
55
68
54
19
13
25
80
69
44
32
82
72
60
5
88
51
96
87
57
76
27
62
91
96
26
70
40
50
51
69
50
90
70
61
46
86
86
9
11
79
87
78
97
25
51
1
86
59
11
56
21
67
38
2
29
38
64
37
69
82
66
47
58
72
44
38
57
32
28
54
32
84
65
85
95
56
72
10
30
74
94
87
15
62
54
12
44
5
8
72
43
65
81
66
22
56
55
74
44
23
73
81
94
45
27
53
65
53
32
53
15
68
76
15
61
50
42
94
100
97
78
84
92
47
5
65
66
13
53
35
3
50
46
44
34
36
29
54
1
26
35
79
100
73
17
5
19
57
10
1
18
82
37
85
42
97
62
98
82
11
4
20
52
62
87
8
16
63
25
69
67
1
58
56
80
85
28
63
86
92
18
5
97
50
92
31
65
17
41
2
5
85
27
45
95
40
19
99
41
87
38
84
59
25
73
68
50
13
6
3
42
67
1
58
64
94
95
91
67
67
61
48
96
26
85
67
82
69
52
53
97
29
97
95
44
94
73
93
76
80
97
25
85
33
18
57
66
48
100
69
75
2
47
11
84
90
40
82
71
43
28
71
25
27
25
95
25
93
39
31
11
86
73
44
34
56
23
44
89
42
69
85
51
5
48
29
18
93
42
47
1
96
50
7
51
82
86
41
78
73
78
92
64
66
40
6
65
33
4
64
30
90
71
39
82
87
22
58
36
75
26
80
77
16
65
76
7
34
11
14
43
34
38
56
42
29
66
22
13
20
51
84
88
83
65
26
62
60
46
2
47
62
88
6
89
40
78
76
29
92
46
51
33
7
15
80
48
10
71
100
33
38
44
79
21
54
71
58
96
88
35
12
11
66
44
37
24
47
43
13
35
40
61
60
64
31
49
22
96
36
47
34
40
80
67
4
96
39
14
20
98
49
44
61
46
23
11
75
58
18
95
60
45
78
68
78
73
3
25
88
29
76
7
96
45
42
97
35
37
37
19
37
86
81
64
19
29
17
55
14
81
38
90
74
20
21
14
26
37
70
65
52
60
50
27
33
50
24
99
58
11
43
60
12
24
52
71
21
78
60
25
24
18
9
74
90
17
30
12
97
66
81
96
27
53
56
21
59
33
11
81
5
59
72
30
6
12
47
56
1
63
1
91
49
56
53
64
36
20
80
2
75
57
20
99
39
34
70
77
5
94
32
59
2
13
38
71
54
68
25
41
18
6
95
4
31
73
41
67
8
38
99
86
17
42
17
60
14
82
46
70
23
85
33
53
1
1
5
6
11
87
70
42
6
76
61
29
13
4
31
15
67
4
97
50
20
92
94
31
22
14
37
87
82
35
27
67
83
2
3
38
95
43
74
9
17
63
59
29
24
87
76
2
53
94
32
87
40
53
32
46
79
70
75
54
1
21
100
88
55
14
94
31
65
11
60
98
98
13
19
68
19
56
47
19
66
20
24
36
41
76
97
60
99
77
1
24
80
75
3
85
28
46
7
97
98
28
20
82
4
44
81
36
65
83
66
80
83
55
95
83
51
23
76
33
24
63
50
88
28
27
53
95
28
4
15
16
100
28
7
80
17
72
45
77
48
23
73
9
22
54
49
89
65
49
47
83
68
88
74
51
30
34
52
30
12
83
60
75
92
100
53
47
48
27
56
35
86
35
35
30
66
84
32
98
91
76
68
50
13
42
36
28
11
64
15
5
29
12
14
51
7
89
48
99
84
70
54
6
33
7
48
54
27
7
13
10
38
52
31
45
63
63
82
39
58
13
72
58
9
48
15
7
82
43
48
44
2
20
35
16
89
13
72
90
97
60
82
56
90
63
10
75
8
16
26
42
35
69
29
93
30
76
20
59
47
14
25
75
43
65
83
7
34
4
14
23
24
50
80
57
46
65
55
45
32
93
54
48
69
89
83
33
5
49
74
21
98
25
83
16
27
81
5
48
38
68
89
49
33
31
95
31
57
96
61
17
47
43
26
84
49
98
91
63
15
88
69
80
18
98
74
82
73
60
55
34
20
76
14
11
23
59
71
52
95
12
44
11
57
42
22
39
5
74
23
46
10
45
29
45
87
88
12
14
4
6
6
19
81
8
30
23
33
94
5
68
39
66
57
100
55
19
38
90
2
6
35
31
31
16
100
37
58
5
28
32
66
91
51
46
88
15
35
49
1
54
12
81
82
25
44
15
52
95
42
57
58
91
47
80
73
73
41
51
98
78
98
15
19
62
33
93
51
40
25
2
1
33
41
52
32
45
40
72
47
53
18
77
16
85
86
48
94
62
16
57
25
28
29
52
67
39
90
15
58
63
77
37
29
6
20
1
90
58
85
36
86
49
36
39
36
14
75
25
40
55
63
53
24
44
38
19
70
23
85
18
66
45
73
59
14
4
4
32
62
100
77
25
76
64
85
3
31
71
94
52
17
62
40
100
61
80
63
28
25
88
86
79
37
29
31
32
62
48
35
64
4
13
49
37
4
62
68
17
11
28
37
72
34
31
9
51
52
66
86
81
82
19
22
98
32
52
19
26
18
5
47
33
3
2
95
64
97
4
38
2
20
57
31
66
68
26
25
76
81
72
21
18
60
55
21
36
73
60
41
61
23
50
94
6
80
24
46
4
82
31
6
11
11
71
77
39
26
80
30
72
55
52
70
32
79
46
33
42
54
51
68
31
44
57
70
37
50
2
58
48
46
29
8
35
74
9
19
63
28
21
78
21
48
82
94
19
11
93
86
59
35
95
29
71
28
67
93
76
74
90
52
10
68
20
49
86
49
83
44
7
82
45
9
100
33
7
100
12
27
50
