200
500
188
111
91
50
115
84
89
139
82
129
9
79
97
151
147
19
27
127
44
156
173
151
29
195
173
190
96
6
55
168
63
199
114
103
70
156
142
55
113
141
187
183
1
153
57
3
103
71
64
153
132
64
63
158
63
123
121
61
142
168
178
140
142
17
164
92
102
175
12
64
8
16
8
20
88
185
50
78
69
144
45
57
47
54
79
87
114
157
161
42
1
44
1
43
175
177
6
42
190
120
169
150
108
184
37
80
128
161
128
110
66
189
147
37
80
127
100
64
9
180
80
157
109
113
70
107
160
110
3
34
99
28
106
9
119
12
196
29
147
184
165
86
154
11
2
153
161
178
190
44
46
187
51
140
132
84
41
190
70
150
123
128
177
168
74
168
17
132
187
158
128
133
74
56
25
57
146
120
129
196
42
120
88
57
154
112
91
153
172
7
158
71
1
145
73
67
7
18
5
90
100
161
64
110
186
74
188
135
182
115
137
120
72
59
125
157
169
46
180
24
198
31
200
121
7
52
81
134
91
100
137
4
34
182
141
123
194
30
137
66
54
99
3
11
39
183
40
181
107
183
9
14
176
89
85
131
105
136
48
193
4
33
32
34
172
132
67
139
21
131
120
139
22
131
110
177
48
89
24
62
116
59
83
132
99
64
17
18
106
158
120
113
116
48
5
198
171
187
49
123
155
126
149
140
175
146
42
7
114
122
178
56
7
192
183
152
20
1
75
83
165
101
141
196
27
198
134
98
23
190
59
26
54
183
115
2
60
175
47
83
20
194
46
115
85
101
127
93
126
42
26
190
159
1
166
167
1
69
133
140
180
135
189
179
1
17
73
199
144
158
98
191
51
38
34
184
42
51
184
80
88
191
98
194
174
54
22
192
66
74
84
77
96
110
85
178
117
64
171
42
122
54
82
19
147
162
112
190
85
81
88
35
122
97
138
116
103
131
35
103
14
69
109
28
68
132
177
148
77
70
56
182
183
174
132
57
69
155
46
150
11
169
138
196
185
190
174
145
137
99
59
63
163
113
83
40
20
11
135
24
163
12
9
65
94
170
190
5
88
150
13
15
187
117
50
177
138
174
3
140
1
71
51
114
30
114
154
140
197
4
117
178
171
80
180
11
117
197
170
157
