200
500
131
70
160
191
24
94
109
101
9
94
9
118
93
150
41
178
154
10
118
145
108
118
190
110
19
106
185
61
98
153
59
24
183
158
198
155
178
99
29
100
91
131
177
154
98
56
81
147
30
124
78
99
197
178
20
42
16
100
152
63
174
121
114
82
189
80
116
10
57
62
144
62
85
153
44
127
52
153
173
57
49
164
115
63
4
61
28
143
101
34
190
181
64
142
145
98
74
107
173
174
159
90
85
162
156
143
182
159
157
168
135
121
171
46
36
135
74
26
94
58
189
105
144
170
18
177
10
130
75
80
198
147
31
176
53
18
128
25
6
134
145
177
183
48
49
68
152
120
64
100
71
124
135
104
75
182
174
179
8
93
129
181
7
10
128
126
193
94
49
78
72
189
179
123
104
197
5
140
185
105
197
132
56
28
139
42
11
89
35
172
128
197
123
47
128
43
141
141
177
191
171
163
5
47
34
114
112
156
52
13
95
101
174
36
31
144
70
107
93
25
17
163
143
35
73
13
85
59
182
65
4
167
160
57
94
173
166
20
97
110
179
115
115
99
62
12
18
181
199
154
177
113
124
13
164
126
26
169
14
136
122
169
177
73
199
72
27
39
5
110
108
179
28
4
111
113
153
126
21
16
73
174
168
44
119
73
10
43
72
98
178
134
140
46
72
159
180
190
153
159
75
10
117
48
4
126
159
168
167
138
12
98
151
126
15
11
18
174
86
124
75
122
53
50
155
89
106
164
127
174
128
177
128
18
92
197
5
184
85
145
45
3
61
40
50
45
189
59
130
79
186
175
127
136
115
69
47
123
62
60
93
126
139
131
23
64
168
126
148
38
88
144
4
153
148
134
136
18
86
17
155
6
91
165
168
80
102
112
150
39
70
77
79
52
25
105
39
12
145
177
134
94
120
77
86
186
157
169
46
164
58
5
136
160
104
1
155
188
18
103
57
87
11
91
73
117
66
34
165
17
25
147
31
7
173
30
66
58
72
156
141
29
193
56
185
68
10
193
177
174
94
38
87
129
60
129
182
148
178
133
21
65
198
11
47
130
99
4
81
3
72
76
79
159
196
160
154
24
76
139
98
4
154
24
140
44
105
123
82
166
142
96
35
143
48
23
4
2
38
182
