200
500
110
39
11
191
25
174
59
30
48
61
136
136
149
181
125
46
78
116
162
197
147
86
112
133
45
198
35
183
144
28
130
166
112
137
56
178
14
139
160
102
80
28
13
92
192
149
197
1
75
111
83
188
37
196
26
106
112
65
79
83
152
9
93
67
16
154
4
183
50
83
126
176
25
36
187
121
196
192
35
65
75
171
145
139
12
112
184
67
55
141
190
113
91
128
139
24
142
56
89
96
90
113
8
106
161
189
94
191
91
81
191
48
147
59
111
134
48
199
187
19
24
114
144
157
143
195
175
90
73
185
57
144
161
52
158
124
158
137
9
184
31
8
174
119
54
37
68
116
69
16
171
86
51
56
157
157
36
178
143
74
151
67
12
43
14
94
22
140
3
152
20
97
81
138
197
117
122
94
46
116
75
182
122
160
65
51
91
188
12
56
25
199
47
46
67
198
139
45
61
123
175
152
35
132
37
123
112
118
116
134
37
198
188
173
139
138
56
114
28
32
158
72
183
95
156
116
143
179
4
136
49
196
186
65
194
40
13
106
110
83
74
115
51
47
151
113
16
62
94
131
83
116
149
170
138
148
154
137
45
138
195
79
124
37
78
157
17
65
5
58
60
47
162
28
65
94
76
96
160
186
180
155
146
150
100
119
109
179
161
18
183
18
29
140
107
10
149
33
84
49
94
21
83
116
193
103
114
95
165
157
194
115
11
184
131
129
71
99
176
184
155
42
155
171
106
164
166
180
48
54
53
143
93
41
182
12
79
197
114
2
68
132
68
194
112
39
86
24
32
102
160
10
26
141
16
50
1
111
49
124
59
96
88
29
3
122
178
58
15
109
162
152
194
94
52
158
101
130
27
197
112
77
81
144
35
111
41
91
158
95
180
174
46
96
3
32
157
30
131
163
175
150
49
144
144
187
130
43
193
156
103
31
163
124
169
112
16
43
160
108
51
137
6
115
96
14
180
8
79
3
66
36
151
19
77
115
108
108
107
43
182
32
118
186
59
65
131
54
198
70
147
38
187
111
25
100
124
71
76
25
164
175
171
51
4
91
174
164
22
84
60
129
147
136
48
78
89
192
124
144
181
173
121
55
88
24
124
186
75
89
47
129
120
57
178
80
106
1
76
129
