200
500
18
189
10
144
87
135
69
96
94
5
147
134
95
20
104
174
128
63
130
172
82
5
91
118
152
118
105
45
83
83
116
195
155
18
179
61
25
177
62
19
93
87
43
177
15
4
46
101
130
38
60
142
99
153
144
52
153
89
43
120
169
22
138
46
161
140
30
44
133
69
84
155
19
54
60
124
137
123
18
172
52
50
34
153
20
143
126
62
18
197
178
51
129
175
103
144
127
124
60
3
122
74
41
8
98
153
26
57
90
183
162
135
113
95
125
74
15
192
107
127
38
172
164
20
135
8
19
14
119
138
46
5
98
92
94
101
63
36
90
23
126
132
109
78
82
39
76
169
109
94
54
126
149
96
173
89
186
70
66
52
106
81
129
151
140
182
46
190
146
49
174
164
141
15
113
192
79
70
167
1
42
107
149
193
40
61
187
54
81
138
31
186
190
67
59
15
36
21
8
193
81
10
176
74
108
88
32
175
137
161
49
20
54
173
95
60
46
104
76
182
151
6
130
53
43
125
85
84
172
186
30
38
141
110
18
153
107
56
139
8
87
34
92
147
53
37
187
85
70
196
151
61
93
57
14
39
67
167
74
166
190
78
52
83
85
57
60
63
60
42
82
150
27
32
92
167
128
165
40
7
32
130
88
67
48
16
108
114
192
174
107
93
52
132
126
168
145
177
49
160
169
146
70
172
133
61
137
132
2
41
88
29
169
75
44
178
165
59
112
7
31
175
20
68
177
162
121
78
195
175
120
116
165
134
50
65
87
56
78
31
188
63
2
46
94
39
144
31
71
172
101
84
147
124
23
97
184
67
139
90
144
122
76
128
15
151
66
139
153
184
85
146
195
90
33
123
119
55
123
54
25
141
61
86
152
197
105
121
94
150
117
73
102
29
15
144
109
29
123
22
14
34
73
77
30
137
150
129
78
182
22
119
83
148
57
122
74
100
40
82
35
70
8
183
126
55
121
135
94
129
123
48
113
70
194
56
7
55
156
9
126
120
93
187
73
196
157
54
158
4
184
111
46
159
28
55
169
160
124
166
140
196
7
129
134
120
88
48
143
146
127
164
18
130
98
101
121
151
3
27
17
110
65
129
155
158
194
198
125
146
184
133
182
108
128
153
55
75
48
21
