100
5000
94
56
47
80
42
29
24
76
35
19
89
2
55
100
36
96
74
60
3
13
49
41
86
27
12
99
27
82
57
94
33
53
25
43
51
5
25
54
74
61
64
67
47
10
32
48
93
52
67
11
94
64
1
77
39
83
56
21
42
38
52
75
22
88
73
98
92
13
50
62
97
100
86
37
50
85
19
15
13
56
49
86
12
22
47
18
92
60
71
73
13
35
76
75
90
84
14
36
59
86
30
51
64
64
17
51
91
50
89
78
10
48
22
70
53
13
61
54
16
17
99
39
31
69
6
61
68
43
75
71
51
91
60
13
75
59
85
87
44
77
6
70
7
30
57
54
6
11
52
14
95
18
4
30
7
18
81
39
65
48
25
31
43
30
88
78
65
35
66
18
34
91
48
49
86
43
57
66
18
73
97
22
18
97
54
74
63
73
39
53
100
20
19
83
60
9
96
6
4
25
46
64
70
88
63
52
38
29
31
73
29
3
32
24
9
77
35
26
99
73
63
29
98
38
94
62
98
20
92
94
88
5
64
85
19
50
59
81
82
54
79
81
55
92
48
43
47
18
37
27
100
36
66
83
19
44
29
66
30
96
54
58
1
95
37
89
90
76
95
60
54
11
60
13
87
69
91
82
58
1
40
4
18
96
10
47
19
64
64
99
15
34
41
91
99
12
44
69
90
97
9
95
25
24
10
85
95
54
13
79
72
31
88
81
82
79
34
51
49
29
100
6
91
26
95
64
25
16
14
76
89
78
58
15
60
93
29
34
70
41
60
21
32
49
34
64
32
42
3
40
44
32
52
19
31
85
46
93
32
41
82
14
31
8
83
37
48
26
57
52
50
16
61
48
30
5
78
97
49
59
63
4
90
8
54
6
95
81
20
77
19
61
12
73
22
13
78
92
52
49
88
53
6
83
98
31
15
76
76
6
73
86
21
59
100
72
80
18
61
99
39
40
56
49
25
20
95
31
92
45
77
18
26
74
12
50
83
86
26
57
68
2
82
21
53
44
48
77
59
39
98
94
90
3
59
85
49
99
37
63
57
33
42
54
75
66
81
16
4
97
14
96
1
47
57
2
43
89
47
9
80
68
33
91
44
77
3
58
17
84
8
88
77
4
35
96
55
60
67
58
64
70
14
98
58
29
47
63
84
22
4
4
93
83
82
73
58
54
45
70
31
7
12
60
90
21
31
73
68
93
69
79
2
97
20
26
33
36
48
22
98
5
11
30
48
57
49
84
64
88
22
16
17
21
19
36
10
15
81
65
52
48
26
39
69
94
51
26
37
68
94
96
98
40
24
75
48
16
7
39
66
35
75
84
18
94
55
98
55
30
30
96
30
29
91
68
37
58
57
35
92
61
77
76
8
66
39
28
77
53
71
39
79
64
77
97
32
53
56
73
40
17
13
71
43
88
21
38
67
13
67
48
57
62
37
98
78
26
15
73
23
28
18
80
81
96
3
59
67
9
58
14
53
70
32
61
87
92
99
74
13
75
93
72
97
16
92
13
97
76
21
20
14
49
46
73
10
85
46
64
69
68
56
55
29
65
85
49
40
11
29
76
20
23
41
20
52
35
31
68
74
52
34
80
95
10
81
42
8
29
7
2
36
16
100
92
75
69
3
68
12
24
59
78
73
29
7
12
98
18
36
56
79
96
55
91
30
79
85
71
37
19
33
58
76
1
52
44
97
58
46
75
62
23
20
69
22
82
41
91
28
28
37
63
42
42
41
15
98
30
3
74
17
20
8
6
52
53
41
63
94
7
76
16
76
44
80
38
9
75
68
14
25
62
2
28
64
2
48
1
42
66
4
50
47
29
33
53
20
10
25
78
37
24
72
47
31
30
12
11
40
33
94
45
54
58
13
52
49
97
31
71
87
65
97
79
87
39
15
61
28
90
82
95
2
93
8
2
73
51
99
33
25
62
86
43
57
97
19
92
38
73
14
92
71
95
68
19
39
66
43
69
58
63
69
90
73
69
50
85
31
40
52
13
15
26
74
47
94
61
84
85
95
72
27
19
83
10
15
73
22
64
93
55
85
57
93
10
73
28
91
4
48
32
36
53
65
96
70
19
89
19
72
1
63
93
34
97
89
11
37
80
48
40
67
86
93
96
29
33
77
68
8
85
32
45
67
89
67
80
41
67
92
81
93
84
77
49
90
84
60
87
15
86
29
3
26
100
30
63
73
11
4
6
100
93
30
21
37
74
46
96
35
97
20
13
38
24
38
70
18
94
48
3
4
73
26
16
20
39
20
89
84
21
52
63
94
24
35
77
44
13
23
32
95
30
75
80
18
74
6
57
89
48
10
22
65
2
61
71
91
37
44
62
10
19
26
7
73
38
48
62
33
74
44
1
43
87
28
78
23
1
94
67
44
88
38
69
64
35
45
35
85
94
97
85
16
5
33
96
80
24
54
56
80
73
10
9
90
33
59
69
13
2
50
24
5
25
78
96
22
78
32
15
49
70
9
39
83
97
23
28
34
57
59
71
51
31
23
32
93
6
38
42
54
78
92
55
27
19
59
56
38
18
21
96
12
66
70
71
80
76
49
71
81
70
49
52
4
27
55
23
99
64
6
21
69
55
3
86
92
19
54
6
37
34
54
71
83
63
99
78
78
66
39
17
19
34
40
96
62
17
85
91
55
1
19
4
15
49
100
30
57
9
61
83
78
7
77
78
48
84
15
79
97
5
46
49
36
64
3
79
58
95
47
82
11
11
13
59
9
83
38
4
61
63
81
86
38
36
84
62
22
49
78
59
4
75
14
1
95
67
75
47
52
17
60
45
24
48
31
68
12
60
15
2
15
100
23
17
19
47
59
76
79
52
2
81
38
3
20
28
49
88
53
67
27
61
99
46
39
47
100
52
58
97
61
83
60
58
6
49
20
79
24
27
31
15
88
91
26
34
80
2
99
52
8
52
94
57
30
59
56
20
95
86
14
77
54
36
31
34
31
86
72
33
40
71
54
29
2
43
1
8
40
88
72
68
32
11
25
40
74
97
9
63
53
92
78
87
63
55
10
74
59
73
40
94
50
50
84
96
45
34
40
69
12
94
58
36
93
61
10
9
89
84
62
53
56
83
15
17
28
89
34
14
99
86
36
92
20
51
65
48
6
57
40
60
64
51
23
72
92
82
50
62
61
76
27
61
55
23
49
96
77
76
89
83
86
57
7
43
45
11
31
42
35
40
66
81
67
46
95
54
43
61
63
48
23
14
95
85
26
73
84
89
29
73
50
76
55
65
20
91
14
42
9
14
6
68
59
75
26
61
59
81
2
51
8
73
100
16
22
79
48
47
1
92
94
100
90
85
74
31
2
5
52
71
30
98
11
2
79
76
29
10
5
33
72
66
46
56
57
78
49
61
25
89
90
69
44
80
43
36
42
98
48
1
51
73
30
77
39
44
23
55
21
50
18
16
61
98
5
57
11
86
31
55
62
100
85
43
45
12
94
94
12
92
43
68
66
13
16
17
23
73
12
93
62
41
58
83
56
63
21
66
56
80
32
3
60
39
46
16
37
16
44
86
31
37
1
40
49
84
33
67
59
100
27
25
66
97
10
38
52
92
36
73
67
60
61
35
13
95
33
16
11
57
89
35
25
53
94
39
14
95
74
68
23
1
88
33
66
26
71
37
5
85
53
26
22
60
44
53
6
33
66
32
86
75
20
67
41
65
32
100
29
23
74
52
45
66
12
22
30
68
94
31
63
20
91
61
68
48
60
34
14
83
60
17
38
37
11
13
37
8
95
64
58
41
34
65
40
46
71
10
29
100
12
77
48
56
96
68
97
3
82
67
50
99
13
51
72
99
35
29
85
70
89
65
46
72
81
88
17
31
16
98
26
55
25
50
57
90
94
18
44
33
13
5
33
81
41
58
8
98
69
49
29
15
36
30
51
40
40
82
89
5
85
45
68
53
48
28
12
23
6
32
6
65
2
63
79
21
51
21
29
97
43
74
32
71
44
39
70
15
53
69
94
44
68
94
7
1
17
69
3
53
36
25
94
34
78
13
66
89
55
87
84
59
71
99
47
17
32
53
12
27
13
1
75
63
81
3
23
46
2
62
62
42
84
76
23
1
97
78
65
97
56
86
34
14
10
94
36
82
59
36
70
19
35
21
96
44
16
85
10
100
17
4
30
99
17
60
29
87
55
90
71
91
18
33
41
76
96
54
54
70
74
38
59
40
60
46
46
47
55
84
82
84
56
49
10
71
99
54
77
62
86
94
33
79
25
34
58
89
80
10
44
10
87
20
85
54
2
55
47
56
86
44
57
27
67
61
25
18
65
46
55
39
72
70
53
30
84
24
82
2
37
7
92
91
43
62
37
32
92
74
79
4
62
88
14
99
71
52
41
56
48
37
10
76
28
2
22
12
19
39
13
87
28
63
3
89
29
6
51
29
78
97
6
100
90
66
91
1
51
1
63
24
58
1
65
81
6
95
94
77
87
71
19
4
25
76
94
4
42
29
73
96
58
68
48
65
62
69
21
41
66
84
21
90
5
88
4
86
72
97
89
40
12
43
62
14
28
84
65
88
53
76
91
98
53
95
23
96
52
25
63
32
17
54
74
60
50
42
92
75
13
78
78
1
93
54
17
63
44
4
33
10
30
80
74
78
80
88
25
7
54
59
84
81
67
42
88
16
36
35
47
60
79
17
16
26
93
87
77
32
40
94
32
64
20
35
84
68
49
70
54
45
19
99
4
15
29
73
97
76
47
17
3
12
90
61
27
29
19
80
36
26
68
76
83
94
98
20
44
76
36
95
3
18
86
28
34
7
73
45
21
95
54
93
59
46
100
20
85
6
99
42
29
62
44
42
85
72
20
10
10
74
87
30
81
49
24
26
81
47
24
82
86
33
49
30
57
39
26
7
67
63
76
9
10
56
35
65
65
7
30
71
4
38
67
9
34
11
4
73
97
77
10
79
90
69
65
55
52
79
42
1
28
29
80
3
35
42
16
19
53
68
10
37
94
73
39
63
51
29
8
81
97
78
19
38
84
26
95
55
57
35
51
78
60
95
10
84
59
76
11
50
26
63
88
19
14
31
99
76
39
81
36
29
49
36
36
74
76
93
77
33
33
21
8
49
96
54
52
62
22
23
12
66
49
56
23
4
17
21
87
76
6
79
21
79
79
93
85
4
23
13
67
38
14
6
52
26
78
98
26
46
51
79
85
20
6
69
87
80
14
11
30
24
85
55
61
64
30
90
80
37
46
51
84
39
98
35
17
98
93
25
64
96
52
88
7
71
52
14
57
17
4
87
17
25
38
99
47
98
29
75
63
46
1
2
19
89
92
25
16
75
5
76
38
49
24
90
35
23
21
34
51
91
82
77
99
100
63
56
63
28
80
18
9
48
30
72
17
89
12
53
67
25
5
23
44
34
42
33
78
66
27
99
5
12
61
36
89
76
48
32
51
31
60
56
32
35
15
69
35
49
92
83
46
14
35
76
98
14
40
59
54
33
73
56
50
86
48
98
93
93
87
53
14
21
77
80
11
85
40
20
79
57
11
67
17
65
1
61
98
70
44
50
5
25
36
42
39
55
51
21
61
43
84
97
61
15
8
13
93
16
18
67
56
92
7
42
23
97
74
14
88
52
44
1
70
97
6
8
7
36
43
68
93
83
78
33
60
28
20
85
39
29
20
27
89
60
81
64
60
9
77
57
18
55
45
6
31
14
57
95
64
96
35
67
93
38
31
99
59
77
55
39
65
52
83
26
63
39
27
21
84
67
73
75
68
37
69
11
30
88
58
10
5
34
27
83
67
80
57
69
23
46
73
39
37
41
42
11
24
68
52
92
87
36
39
56
12
41
59
3
53
40
26
60
85
71
82
68
49
86
70
36
63
83
2
81
27
56
19
68
92
5
42
47
2
61
24
7
28
40
38
99
54
66
82
68
34
23
90
81
100
100
54
92
45
96
52
21
79
41
93
79
78
9
42
69
53
10
83
47
4
53
21
93
42
50
18
61
53
76
11
69
26
14
73
65
91
28
23
77
81
38
56
43
92
17
67
41
69
95
62
37
26
2
16
18
11
37
24
21
72
24
98
45
69
41
90
83
16
65
78
11
7
29
60
28
20
11
52
75
63
85
78
76
50
48
93
48
61
88
58
32
74
75
20
60
41
89
85
12
71
76
38
26
74
87
26
92
32
39
69
94
100
61
92
75
77
23
28
100
59
39
81
54
34
2
25
81
86
71
95
78
20
84
26
89
19
76
55
7
29
71
52
11
8
30
61
85
89
77
95
10
69
29
47
79
24
82
57
100
34
59
55
65
1
48
56
86
1
9
20
83
27
70
74
75
72
58
5
64
44
22
79
89
96
33
22
9
58
37
89
23
43
81
8
19
19
25
67
78
27
45
73
52
16
89
37
73
18
3
62
37
44
18
52
79
94
81
9
38
4
36
56
91
57
16
66
43
15
78
27
12
85
31
55
83
72
25
15
42
5
57
27
89
94
54
94
73
30
21
32
65
89
62
82
18
37
22
1
35
35
18
48
41
57
16
82
28
73
26
5
96
83
100
77
91
90
51
44
41
10
83
99
9
40
78
40
6
81
78
2
80
5
33
33
93
26
74
36
99
44
25
57
76
14
52
24
24
18
21
25
83
90
32
74
64
58
58
69
69
20
45
26
7
45
99
70
20
84
44
90
85
17
10
25
61
7
32
86
51
50
56
94
51
44
61
2
63
100
34
52
64
76
67
82
54
65
66
92
79
17
60
66
52
12
51
25
32
11
37
50
29
84
50
92
96
42
94
76
82
46
9
52
88
79
64
53
13
26
37
46
83
93
87
61
7
65
49
91
4
25
42
32
45
55
22
97
21
76
61
18
35
19
5
45
38
19
5
13
8
2
14
51
53
94
35
83
97
30
61
56
83
36
4
51
90
76
59
53
68
42
53
83
43
73
96
62
44
11
39
90
16
90
22
93
86
20
85
4
43
33
27
20
22
44
84
29
15
32
70
23
88
40
75
75
97
45
65
8
3
50
51
17
53
15
87
64
73
76
34
60
38
20
27
55
25
92
42
21
82
19
65
44
75
52
19
37
35
28
29
69
65
35
90
32
12
34
25
64
27
55
53
59
13
44
49
75
18
9
14
82
40
83
9
73
21
59
55
14
88
60
74
3
50
11
33
99
10
21
5
66
92
72
83
27
20
2
11
15
79
50
87
31
87
57
51
47
81
99
3
52
85
9
52
1
52
39
4
89
30
92
33
84
50
56
57
42
78
39
45
4
63
53
24
23
74
90
76
16
13
11
83
9
15
73
57
12
71
60
45
81
53
22
48
53
57
38
44
8
84
32
98
63
7
3
65
96
57
84
16
37
99
11
6
81
75
51
92
89
66
33
35
90
39
83
58
10
92
78
77
6
69
24
91
91
27
31
41
80
63
26
89
65
68
44
6
17
77
12
2
91
69
72
81
36
57
74
91
55
67
58
66
62
54
90
19
16
25
49
64
21
60
25
34
60
63
29
72
67
74
51
7
89
41
27
29
29
39
79
95
26
100
38
58
62
78
74
98
8
48
40
2
32
41
74
9
84
82
21
93
77
22
89
76
50
50
4
40
46
54
58
48
58
92
18
87
14
77
91
50
39
80
10
24
78
24
91
45
8
37
44
18
41
73
16
61
61
10
41
7
21
96
1
43
87
63
69
3
12
65
58
97
13
74
82
87
4
53
70
23
94
22
76
100
16
83
12
56
45
18
22
21
51
37
77
34
45
1
83
51
80
77
52
26
7
92
56
96
7
32
85
41
62
93
75
26
58
4
51
6
92
93
79
52
75
37
43
14
58
66
16
23
44
99
23
26
87
59
8
55
89
9
32
7
17
27
84
11
82
22
90
51
61
37
15
93
68
29
57
16
87
29
5
49
63
48
54
75
27
17
50
60
29
50
72
56
80
38
20
11
23
51
52
96
44
19
26
97
53
66
29
22
75
44
39
73
13
25
90
33
13
23
14
98
24
31
48
81
94
86
5
53
65
95
95
91
73
35
2
54
96
20
31
88
84
22
83
75
36
97
46
22
97
70
18
21
9
76
97
58
28
29
39
9
12
61
37
93
96
12
60
78
92
46
30
3
57
82
5
22
93
74
92
61
91
83
42
35
93
59
49
82
23
50
56
75
83
57
69
66
29
52
55
82
15
54
31
100
86
25
84
73
68
62
59
28
8
85
90
97
37
4
12
41
38
95
19
80
67
5
21
4
93
38
48
78
37
81
58
37
70
17
6
96
24
75
93
32
45
22
57
25
12
54
60
95
28
67
24
91
54
65
51
67
37
66
96
37
4
66
27
19
91
60
99
8
31
72
85
63
87
97
77
15
88
10
10
78
16
33
99
51
92
63
87
6
58
69
5
6
42
27
19
33
44
75
18
26
64
44
92
56
20
63
53
80
15
33
63
94
17
4
27
21
30
18
40
27
51
10
46
15
74
54
46
51
45
52
15
48
33
40
21
39
30
44
62
1
85
80
66
26
57
98
1
59
70
86
36
64
68
90
72
38
21
69
11
1
81
18
13
20
22
1
95
38
14
50
94
7
43
78
68
68
93
18
36
43
3
57
37
74
14
12
53
3
6
64
5
53
25
7
13
62
55
25
49
92
85
69
76
30
39
50
70
97
54
52
15
44
21
69
48
94
97
96
35
25
37
63
94
91
23
4
9
20
69
8
40
3
33
71
4
34
95
15
77
89
16
26
52
78
25
56
40
52
21
62
20
10
6
6
65
33
16
83
10
22
12
24
73
85
98
94
97
85
4
89
93
39
48
85
73
89
27
78
6
58
60
79
60
26
9
13
34
9
22
46
22
4
44
80
23
54
43
12
68
59
83
53
41
14
41
87
92
97
62
24
84
42
59
69
65
29
92
18
72
32
32
5
94
49
61
76
55
63
42
61
95
19
99
4
97
11
97
59
57
87
100
90
11
72
66
32
45
82
1
52
40
79
43
9
29
20
83
15
98
56
16
80
97
55
100
90
18
78
99
70
54
97
70
61
27
92
44
42
100
98
1
79
42
92
39
39
60
78
12
93
54
22
56
3
2
93
39
72
42
96
8
92
25
4
90
67
84
9
76
71
30
99
93
24
2
9
9
44
36
61
5
50
82
100
69
9
31
26
2
28
36
92
4
84
95
75
51
68
100
79
51
55
58
57
84
60
87
21
79
73
20
16
68
78
47
80
11
80
21
1
51
68
51
2
57
66
94
68
66
49
27
56
95
34
14
68
67
77
19
43
15
85
45
100
23
52
41
24
15
90
100
87
96
34
79
19
21
37
27
18
78
12
24
82
47
2
28
29
19
93
81
84
47
17
84
41
4
27
53
46
86
38
10
66
88
12
51
98
92
2
41
97
15
35
60
57
25
34
20
96
83
68
55
39
16
79
91
84
12
81
61
30
21
96
68
75
47
86
86
87
14
67
99
89
41
51
89
87
22
58
9
95
32
80
66
8
96
31
56
85
67
72
91
30
100
60
96
93
57
56
45
4
31
63
31
55
46
47
52
47
73
47
19
44
98
64
76
35
88
2
44
32
88
12
20
79
86
75
11
11
71
48
78
5
13
94
82
39
62
64
69
67
57
52
68
61
6
13
49
95
92
67
33
29
74
18
2
99
43
94
37
5
89
59
94
76
19
41
49
62
73
51
23
76
90
1
92
80
95
71
12
65
85
56
96
32
36
74
72
76
100
86
82
28
34
11
31
93
13
27
66
5
100
76
2
100
57
53
64
51
68
78
27
47
49
10
13
40
11
81
40
94
62
67
83
42
98
42
58
38
64
77
38
58
41
93
81
56
89
29
50
88
94
63
58
63
56
87
23
17
87
6
83
85
26
15
21
85
42
73
34
42
97
59
9
37
32
40
91
56
16
82
28
91
84
21
33
13
19
8
21
28
32
73
52
40
73
77
32
99
10
21
32
91
25
84
33
6
43
74
79
1
98
41
3
47
6
16
22
33
49
32
69
35
26
90
98
92
52
16
89
52
38
59
31
2
25
24
53
77
79
60
58
97
39
57
20
72
17
68
44
25
48
74
21
24
73
71
86
47
64
96
46
100
21
52
63
46
48
14
2
68
27
9
5
14
27
38
53
70
83
52
25
26
12
41
55
27
22
69
12
8
2
82
45
72
92
21
31
61
12
44
65
30
20
57
8
31
99
74
92
100
68
44
86
4
73
35
38
93
81
3
54
53
100
70
37
77
15
34
71
39
28
42
62
12
88
23
4
67
98
23
61
90
62
42
73
85
29
75
82
37
4
46
7
30
22
35
20
95
42
59
65
23
46
47
41
81
77
18
44
96
96
85
44
83
29
6
93
50
77
30
17
55
54
43
71
87
75
67
30
8
91
86
52
72
72
86
14
15
23
43
95
47
31
28
100
69
41
5
15
99
33
67
10
68
72
77
3
55
14
18
69
45
58
3
1
21
71
26
20
4
72
75
81
86
31
65
99
10
73
92
71
77
88
96
23
9
94
84
25
37
51
8
35
22
48
69
38
33
14
34
26
6
100
47
85
89
33
47
98
84
21
46
86
38
44
55
27
19
91
2
63
69
58
82
54
79
99
78
34
45
42
56
16
29
68
40
47
91
64
97
64
4
17
53
45
48
92
46
38
4
15
27
18
71
70
27
54
14
75
66
36
77
46
91
98
42
85
13
7
27
94
76
40
50
36
46
21
11
84
76
30
35
45
49
67
12
88
39
42
46
67
65
69
32
55
75
63
25
89
36
73
54
27
19
71
23
89
29
89
59
83
25
33
53
92
57
30
23
8
19
25
23
33
85
47
46
47
9
58
8
28
48
6
27
26
93
99
92
29
66
80
74
39
23
26
3
66
35
27
24
63
62
65
75
1
42
92
44
91
13
10
73
49
23
44
88
59
13
100
33
16
49
86
79
98
41
20
78
33
82
62
78
62
40
88
33
44
51
75
57
29
6
38
5
80
69
64
25
86
53
70
29
17
76
87
86
96
51
51
80
72
64
26
57
88
93
37
12
12
58
87
77
81
27
64
50
56
33
48
17
1
97
18
76
57
64
9
62
11
25
65
82
33
72
39
88
58
27
18
64
58
98
64
75
83
75
90
45
76
58
8
65
9
96
59
76
81
60
28
38
15
77
11
18
7
99
87
98
4
50
70
42
86
94
12
6
21
92
53
30
87
22
1
60
26
35
60
88
32
90
71
30
8
30
26
40
98
83
76
53
46
63
33
94
34
13
35
82
59
31
43
53
57
37
65
81
49
80
85
20
