100
5000
58
81
84
32
78
61
78
86
32
39
79
72
81
94
94
65
76
5
47
43
70
24
49
27
30
17
19
51
11
72
87
74
19
61
71
72
94
80
88
1
28
20
6
17
20
90
79
83
98
60
48
8
51
53
48
79
44
74
70
28
73
40
74
50
13
43
28
74
28
43
20
5
2
72
89
33
57
56
20
95
95
34
13
49
2
41
57
1
9
88
37
78
66
52
9
40
12
67
50
85
21
63
95
79
13
79
50
23
95
58
26
91
41
69
82
23
66
80
5
65
60
78
9
13
79
96
18
67
37
70
19
90
25
71
75
95
60
17
87
53
97
71
2
79
13
75
9
72
26
3
29
67
48
80
9
54
92
62
92
56
4
99
4
11
53
5
54
90
85
83
96
12
71
65
14
69
53
60
52
86
1
86
1
12
93
72
40
3
18
52
62
36
82
19
46
6
99
89
57
50
7
35
86
5
6
44
67
65
95
42
2
93
1
35
57
35
30
17
51
47
3
73
69
18
98
2
78
22
61
44
92
20
71
20
48
80
91
64
98
94
39
6
2
59
9
30
40
89
89
21
49
20
5
37
90
37
46
69
37
75
11
58
38
59
14
23
52
79
52
59
83
37
6
36
71
20
9
22
9
14
77
17
79
95
52
59
5
88
79
98
99
75
52
74
10
75
63
11
97
56
60
56
52
19
67
96
72
94
55
11
86
7
1
17
16
1
24
78
23
82
39
96
28
53
29
31
89
34
96
52
48
10
7
59
34
99
89
73
72
62
26
18
65
48
30
76
38
73
41
43
34
53
45
16
77
80
29
9
50
59
23
39
89
5
35
99
73
51
95
71
38
72
66
21
31
98
45
93
94
100
91
3
81
83
56
20
63
3
14
74
18
42
84
81
41
37
92
8
41
77
56
78
20
13
57
35
52
63
53
47
92
26
99
26
38
34
35
80
77
84
37
77
28
90
50
51
60
58
65
33
11
98
75
12
12
39
49
96
92
90
64
71
29
62
93
71
46
41
20
25
26
86
73
89
85
43
67
29
20
52
43
33
66
29
49
13
84
61
32
72
15
42
46
36
40
4
24
33
56
75
19
32
12
25
39
90
40
59
78
39
18
45
88
96
51
25
72
39
24
35
33
23
96
62
6
70
74
10
49
54
43
34
35
70
2
58
10
38
39
53
35
32
16
19
66
26
32
26
62
11
36
60
22
92
52
25
93
70
53
57
14
89
27
92
64
54
6
4
20
13
28
51
100
10
43
89
48
94
65
16
72
1
17
67
51
79
83
23
94
38
36
76
66
88
10
78
10
17
50
96
50
14
48
75
84
11
44
44
86
72
82
2
8
98
92
81
23
88
59
72
83
92
58
82
13
36
34
25
89
34
15
56
58
47
63
96
32
17
42
60
95
82
42
92
13
87
74
72
8
97
64
45
8
76
82
5
8
76
50
62
10
61
96
5
70
3
55
11
7
99
6
72
1
58
27
76
55
9
46
25
79
87
99
69
44
80
22
59
79
54
81
64
36
83
17
49
63
85
78
84
92
80
46
88
12
9
96
68
50
16
88
24
9
86
84
19
73
56
38
33
86
37
75
60
100
16
96
53
20
7
6
82
12
88
28
49
67
5
7
36
69
96
51
8
81
29
46
16
18
33
99
76
87
96
10
13
67
36
15
74
68
96
88
59
12
85
53
1
38
6
42
88
66
90
19
94
82
19
37
37
6
89
38
20
83
7
82
32
21
57
9
87
100
3
96
13
44
81
31
49
74
61
42
96
15
58
57
33
64
37
42
78
80
2
77
75
78
80
11
5
67
20
54
28
57
28
22
51
74
55
64
85
12
67
35
64
92
61
27
48
2
71
62
52
71
20
71
51
50
7
81
2
22
38
19
61
32
28
93
76
9
38
56
4
27
57
50
92
24
1
57
24
66
82
27
12
75
75
94
26
81
10
65
51
54
83
70
74
50
35
100
77
34
95
74
80
11
75
77
87
41
68
11
44
97
23
100
10
14
98
10
4
8
33
6
2
2
59
24
93
26
63
91
94
40
1
6
23
96
76
84
1
36
20
44
60
72
55
49
1
85
23
63
28
76
24
59
3
45
21
49
80
55
56
83
82
42
79
54
56
86
26
22
24
88
70
17
85
61
20
74
24
64
2
9
30
99
46
67
68
73
5
53
17
92
83
60
43
18
7
85
4
17
80
6
46
67
48
20
35
71
14
17
13
56
14
15
39
51
84
83
68
33
10
95
97
88
88
99
13
2
60
60
52
67
77
32
14
24
19
79
61
76
49
34
74
4
98
99
72
43
22
10
51
62
85
35
85
70
51
81
16
72
3
20
14
95
24
82
86
2
42
50
76
7
83
60
46
82
14
90
80
19
67
64
83
17
44
59
26
61
59
47
71
43
87
70
57
86
100
79
24
31
20
89
92
47
87
2
35
73
59
31
19
73
37
18
25
78
83
22
85
33
65
52
100
57
35
55
54
86
14
31
76
65
86
23
31
4
84
90
40
23
10
10
45
18
24
80
46
77
37
47
35
25
5
38
2
97
61
92
48
85
84
1
14
38
57
77
86
2
23
46
6
75
46
3
90
19
93
84
9
3
6
90
26
20
99
80
17
63
54
44
95
61
36
11
80
81
91
36
81
49
77
29
41
91
44
86
68
70
95
19
80
68
59
49
89
90
90
36
26
85
51
8
41
39
52
30
4
27
76
30
43
38
15
58
52
33
12
65
60
61
47
54
83
75
64
54
96
80
28
85
80
8
8
26
51
73
12
64
15
99
4
52
48
64
11
73
47
35
55
41
65
20
89
31
17
44
76
2
91
33
94
90
85
14
63
93
93
78
29
48
58
7
77
62
92
38
73
96
41
96
53
37
64
31
45
74
69
15
48
76
60
13
7
53
3
74
89
87
37
97
2
71
49
21
13
77
22
59
73
95
40
27
53
42
4
49
90
48
88
96
99
53
52
41
2
80
87
66
20
85
95
2
67
26
44
90
40
4
77
53
58
10
70
44
43
58
63
83
97
15
94
85
9
23
94
52
47
87
72
66
52
70
96
94
46
91
51
50
56
44
15
58
53
68
29
28
80
86
83
31
27
49
18
33
25
79
86
21
66
51
12
86
16
82
71
78
4
18
70
56
67
53
49
62
78
22
53
79
90
67
64
87
26
9
97
54
36
89
35
16
27
2
39
22
35
76
94
65
86
74
13
83
73
29
44
87
86
68
55
87
11
65
26
91
75
6
69
85
79
83
81
23
66
83
95
95
83
5
54
61
79
50
81
74
91
42
84
9
74
53
10
58
4
10
89
15
7
58
62
12
50
15
13
74
34
63
96
97
69
83
7
41
31
34
14
26
68
41
42
65
26
49
18
75
55
34
53
71
64
62
68
47
95
79
73
8
58
25
13
84
96
37
33
43
73
18
19
40
65
84
63
85
7
2
58
20
68
21
52
40
91
8
94
45
7
50
69
20
21
81
65
4
40
24
81
85
92
32
85
82
84
39
53
70
23
9
84
29
51
15
26
52
2
7
71
13
49
71
61
8
55
77
5
50
6
61
95
2
14
31
19
60
79
83
43
53
17
87
43
32
46
62
70
93
22
6
51
66
3
59
84
79
6
66
71
62
63
7
92
85
7
69
51
84
10
10
74
60
13
51
65
23
63
75
37
9
74
92
19
80
80
76
83
58
3
14
38
86
6
87
24
26
67
36
33
99
57
44
54
68
64
77
49
49
3
29
41
98
60
64
60
6
62
86
94
61
56
13
71
95
65
88
65
90
30
100
96
93
26
12
18
33
38
66
65
41
20
44
59
68
40
91
56
49
84
48
84
87
42
18
71
24
88
26
45
96
67
89
55
71
65
3
47
2
38
19
98
34
21
59
53
14
77
54
80
29
74
51
90
82
46
25
60
53
14
28
15
43
90
34
61
64
37
15
39
18
20
41
96
81
20
37
14
16
29
36
76
61
72
82
35
71
25
20
91
80
20
52
41
73
71
42
2
66
9
23
55
75
52
89
99
73
64
51
12
19
33
47
63
11
55
14
4
37
96
40
67
9
93
93
100
61
30
70
80
22
15
55
68
46
62
15
89
58
38
65
52
35
79
10
99
37
61
7
46
5
14
3
29
90
8
69
31
33
7
85
14
70
56
57
25
32
12
10
6
36
33
74
13
75
92
26
18
91
16
55
83
83
42
48
95
93
27
64
62
30
92
44
22
58
18
26
39
36
46
27
77
93
97
25
60
36
74
30
83
74
10
35
63
26
43
30
59
43
10
68
22
13
78
34
50
5
77
1
32
62
76
61
64
32
43
40
40
57
64
54
75
84
48
76
50
73
69
16
8
54
77
17
26
28
40
47
74
63
74
1
72
95
16
86
60
100
82
61
84
64
73
40
12
69
54
49
72
95
39
77
97
68
28
61
73
87
59
47
11
70
44
74
86
56
8
88
32
88
11
46
43
26
55
92
90
50
3
19
59
85
84
43
90
75
35
43
85
18
12
30
5
1
51
73
63
96
7
13
94
46
30
15
51
48
26
91
21
27
80
20
88
20
71
16
62
65
49
14
32
59
98
9
62
95
68
7
1
50
91
96
15
91
74
8
71
89
46
67
19
64
5
71
68
63
86
12
61
65
50
20
71
41
3
31
22
20
93
37
51
98
46
5
54
5
73
38
59
92
2
11
22
100
37
49
67
5
38
45
78
33
45
6
59
59
81
42
8
75
86
56
10
91
1
37
35
89
83
48
24
52
3
94
76
34
10
97
94
44
68
11
18
60
18
80
88
95
42
44
3
42
13
32
74
98
9
50
91
48
83
14
10
46
46
47
7
22
12
46
69
61
54
3
92
62
8
30
24
28
30
95
79
23
81
17
76
2
90
47
34
9
10
58
23
75
60
40
3
66
74
84
96
66
91
44
6
37
93
94
11
27
25
99
57
24
82
13
19
71
5
5
88
62
49
1
32
38
27
89
92
68
9
11
89
16
81
54
68
62
50
82
90
17
69
35
31
28
21
82
48
65
8
26
71
8
63
35
36
21
11
46
18
37
80
97
67
54
10
64
49
78
58
51
59
86
68
48
54
76
5
86
52
81
75
50
74
38
42
67
80
26
27
13
77
64
43
39
10
80
37
78
41
59
9
80
32
15
22
47
65
6
75
83
51
47
56
31
20
98
61
48
56
23
21
62
20
98
99
15
34
21
53
52
56
53
31
46
17
81
49
60
15
14
72
27
63
18
49
98
34
49
98
93
73
7
53
24
64
65
61
34
71
96
77
72
21
36
14
93
78
5
27
67
87
98
15
27
77
47
80
12
45
57
45
34
86
69
91
71
27
80
13
9
84
78
61
20
41
45
90
71
7
69
33
32
51
87
60
26
38
60
47
63
51
50
91
94
8
98
80
49
52
51
64
49
43
82
19
34
53
13
8
26
92
73
18
83
77
99
25
86
16
32
31
94
5
72
86
38
92
83
38
79
15
61
71
19
43
36
33
6
82
15
8
73
95
76
27
83
50
12
100
45
49
66
9
15
83
39
2
71
12
73
57
31
17
91
53
64
32
34
80
27
29
33
20
89
19
50
90
37
86
45
99
93
79
76
6
86
52
64
54
45
94
97
61
59
43
79
1
16
21
89
51
15
22
83
40
8
17
9
7
74
38
59
97
21
58
38
62
75
41
39
98
50
23
78
34
46
90
82
51
78
87
16
76
66
57
64
88
75
38
1
11
53
80
85
23
40
49
35
99
11
63
15
96
33
78
62
17
67
78
42
15
3
32
9
97
33
86
5
18
71
56
32
16
71
100
44
50
2
8
4
3
14
43
39
52
47
2
5
97
18
1
98
52
34
77
46
49
44
71
6
59
31
53
78
54
70
43
64
1
69
79
88
61
45
86
91
6
71
49
24
3
83
100
61
100
10
8
74
92
83
80
15
39
71
94
27
92
4
62
92
64
98
11
56
62
77
9
92
74
90
6
18
100
90
4
15
22
6
32
14
18
11
38
34
20
18
25
33
52
19
59
21
84
34
47
24
11
19
74
53
21
15
40
43
82
44
30
77
92
31
21
96
95
61
35
64
48
22
43
71
87
15
90
35
79
82
5
44
97
29
42
73
43
48
44
29
20
92
81
80
96
96
54
54
8
48
62
14
4
82
43
70
82
88
4
54
57
47
48
77
10
91
23
77
86
20
35
6
32
2
32
35
71
29
10
13
77
90
68
96
38
44
42
82
29
81
3
74
95
62
85
90
61
69
75
45
92
3
47
98
89
32
8
26
49
43
83
31
58
66
69
82
83
45
74
48
18
52
11
91
57
68
89
91
95
51
27
50
52
72
91
21
15
7
67
81
23
61
85
45
41
63
72
90
71
94
97
6
74
22
86
86
44
3
11
15
4
89
38
100
62
3
66
63
8
27
39
93
26
9
78
92
72
34
82
12
18
95
57
10
12
56
50
34
31
37
48
14
39
60
9
60
40
41
69
30
3
10
55
43
49
15
82
36
89
55
24
45
6
59
7
59
12
66
8
85
24
98
61
62
48
55
63
89
30
93
33
62
76
20
16
54
86
27
62
32
39
95
76
56
75
37
25
15
40
27
49
97
23
44
29
88
84
93
79
40
12
64
82
59
49
43
62
26
38
39
36
79
45
64
52
12
50
16
50
65
14
79
18
36
62
50
68
96
41
60
60
23
83
38
24
69
43
49
49
22
80
98
51
58
40
20
65
53
7
16
58
94
47
84
26
1
93
92
65
65
74
71
24
25
16
64
11
82
80
96
56
96
33
5
6
7
16
15
18
37
95
1
84
72
21
8
39
62
75
17
48
63
35
65
92
38
13
88
3
87
16
58
47
11
27
74
39
71
1
94
87
43
64
14
59
92
5
11
61
12
94
30
17
68
87
3
13
7
80
50
91
73
18
96
79
4
45
72
76
30
27
95
54
95
17
90
31
26
91
17
98
87
100
100
35
79
34
63
48
65
91
39
49
21
61
80
97
69
41
25
32
75
39
10
36
25
35
77
93
5
96
95
6
69
37
38
47
49
2
31
18
28
36
30
99
66
13
64
58
6
17
45
35
11
80
3
76
80
43
56
40
27
99
97
25
40
35
97
41
56
9
74
41
7
29
79
69
72
29
75
31
86
15
75
65
27
81
29
98
72
60
64
23
79
62
74
56
94
93
97
67
67
2
27
7
56
27
70
75
21
2
82
82
10
74
81
67
8
89
8
94
13
92
39
46
50
19
67
80
48
78
6
89
94
33
33
23
97
76
92
19
21
23
64
37
72
46
30
79
67
84
91
30
28
77
3
18
6
39
1
70
39
100
12
36
18
81
84
14
66
57
27
56
15
4
47
49
43
55
47
43
100
89
46
2
15
65
66
71
94
98
50
74
22
31
55
18
11
48
100
88
12
99
15
23
1
23
86
78
56
10
43
99
91
37
58
53
75
48
30
96
14
13
97
22
100
25
29
8
85
82
97
73
30
23
98
30
82
73
54
24
57
7
64
39
71
3
5
57
29
34
36
50
43
71
97
52
52
92
38
10
45
55
26
84
89
92
80
27
5
68
89
2
10
37
36
23
17
14
37
35
52
24
27
85
81
30
48
45
48
77
24
85
28
8
17
73
99
33
50
66
15
65
53
86
6
24
50
75
77
84
2
45
43
97
62
14
86
98
81
60
95
87
91
38
26
42
9
3
98
79
57
8
68
42
57
40
53
67
57
26
28
71
58
51
51
37
48
35
20
1
36
26
19
7
16
12
61
51
17
23
81
77
70
24
67
11
38
46
22
2
4
55
82
28
12
53
20
3
16
73
54
73
85
53
79
22
77
44
52
2
14
62
13
74
58
26
6
98
42
53
5
30
37
84
89
45
49
91
83
8
22
67
78
34
94
56
71
10
28
26
25
30
95
1
10
75
19
55
78
78
63
71
26
23
71
58
37
46
100
55
23
24
64
56
55
88
84
72
99
81
36
29
24
59
36
45
76
40
100
72
28
67
2
44
73
81
37
17
43
4
55
1
73
76
96
98
37
68
36
1
39
65
19
15
30
82
13
2
14
12
54
43
69
45
66
53
70
2
16
56
6
77
33
22
61
30
72
49
53
48
84
59
43
63
89
54
17
50
38
54
24
44
68
21
60
71
38
24
50
98
94
61
24
46
36
69
55
19
81
14
91
74
10
80
56
39
59
66
58
42
11
97
54
80
35
28
90
94
93
9
74
7
83
35
68
14
39
87
58
71
46
86
69
65
55
67
5
4
52
100
21
50
23
2
93
25
96
73
43
85
56
16
87
26
75
76
68
67
7
89
35
41
46
60
59
57
4
27
73
69
71
63
69
59
77
20
66
62
72
70
84
73
84
14
13
95
58
17
43
43
62
97
72
36
58
34
94
39
71
44
29
36
52
62
51
39
39
41
88
93
64
17
1
67
70
90
48
38
75
20
79
100
4
18
50
63
78
93
65
84
5
64
45
87
100
32
2
12
37
39
39
37
62
36
80
89
50
61
7
91
92
60
67
34
33
49
48
38
42
11
28
70
23
29
87
37
36
46
76
65
21
39
59
8
39
13
9
51
75
81
74
86
83
1
92
61
38
17
24
87
84
99
16
30
55
21
7
60
27
33
13
39
13
61
97
88
31
43
71
60
57
9
30
10
25
5
33
63
76
40
71
8
48
33
51
69
84
87
18
63
88
76
27
35
30
8
75
90
54
58
37
83
62
60
99
7
66
66
81
21
21
24
2
15
89
77
79
52
75
4
70
20
33
31
12
23
12
6
26
3
93
44
72
39
7
3
30
84
69
13
28
37
65
5
46
43
98
37
32
93
38
15
15
30
9
80
100
21
66
3
100
42
32
6
83
76
45
45
21
20
40
86
91
84
88
47
24
22
9
37
34
82
81
57
8
92
8
13
95
32
100
95
45
63
2
35
100
99
55
21
43
64
74
20
33
25
81
72
3
33
65
78
67
46
42
92
77
52
76
7
57
70
11
15
64
83
86
50
18
86
99
62
23
74
91
48
15
100
24
65
56
86
34
59
44
54
50
60
46
46
73
25
86
59
2
57
47
74
61
28
24
73
98
59
94
100
81
19
56
68
74
13
52
2
27
56
97
32
12
87
46
91
61
88
23
15
3
83
78
75
34
41
33
50
36
69
76
66
52
86
11
23
1
10
35
98
82
13
90
37
11
17
24
95
89
8
38
69
28
99
75
65
59
77
78
29
63
57
11
85
74
37
72
19
23
43
21
51
94
64
83
32
38
86
94
74
83
52
23
34
45
4
83
41
20
81
89
95
62
12
81
29
24
99
66
100
9
13
11
96
79
81
99
93
80
10
5
35
44
87
56
49
94
52
9
84
38
75
90
19
24
1
58
57
26
19
93
72
85
33
72
71
62
48
12
32
27
44
45
100
1
91
48
66
21
20
22
39
37
32
94
23
12
40
21
29
84
46
90
55
19
13
74
86
11
54
53
15
67
67
50
6
20
57
24
67
12
43
2
34
78
56
98
89
10
24
40
22
8
56
37
49
80
2
79
84
70
40
37
67
87
90
58
89
70
58
14
68
31
94
27
95
98
1
80
15
94
74
98
76
77
84
14
49
42
98
99
40
40
47
89
33
71
7
25
100
21
83
37
12
87
82
97
39
79
44
43
8
41
86
66
91
35
98
80
56
97
27
44
31
65
52
99
67
97
21
74
43
68
33
39
46
97
70
69
27
28
51
9
97
48
45
79
58
46
51
60
85
99
96
34
62
100
49
37
39
56
71
1
32
23
12
37
17
85
25
85
64
52
83
78
53
26
63
78
52
58
50
6
99
95
45
68
46
23
71
64
64
28
22
13
99
30
7
90
49
87
39
59
23
34
69
86
92
90
47
85
57
72
52
14
18
69
6
70
12
79
26
26
69
7
98
49
67
31
52
68
98
57
82
40
48
8
93
61
59
25
42
52
42
43
95
84
9
68
5
67
37
2
20
57
70
21
7
76
36
84
4
12
56
42
58
23
18
79
47
22
15
8
30
89
91
32
43
76
77
41
55
15
77
94
90
4
43
84
50
38
99
91
90
56
43
21
29
100
98
40
99
49
35
49
19
52
42
83
24
22
56
7
83
100
30
42
80
25
80
61
25
25
10
92
89
85
35
19
59
45
37
39
2
76
55
84
22
68
51
1
17
11
36
28
21
1
56
67
99
88
90
28
4
62
95
31
80
29
82
54
34
19
73
25
60
13
39
21
36
49
87
52
15
71
76
77
62
45
20
43
66
99
36
5
12
98
15
30
87
88
21
47
31
29
81
53
29
90
10
78
50
40
64
64
71
39
64
9
95
56
73
7
9
51
12
26
1
80
73
72
9
92
52
76
24
98
46
97
6
74
76
74
21
93
93
87
32
82
91
12
54
66
13
88
1
27
74
7
75
76
10
19
97
91
47
87
38
79
77
40
80
36
22
50
23
71
62
17
14
54
79
86
6
30
63
81
17
38
13
76
23
66
48
15
93
51
1
52
40
62
66
24
24
97
19
36
74
72
70
26
20
87
56
63
78
56
72
99
34
36
39
22
100
13
99
64
23
86
69
51
74
88
26
72
30
86
66
12
44
74
46
67
61
71
27
36
29
58
85
42
23
84
63
84
71
19
96
23
6
74
64
17
63
52
31
23
50
7
30
84
36
61
5
39
41
65
9
21
29
39
82
39
72
56
12
76
85
27
75
25
42
2
29
41
85
2
65
62
51
98
95
79
26
2
76
43
33
37
16
83
99
50
82
30
8
67
84
88
5
51
83
70
70
73
27
83
27
70
38
51
72
33
42
13
61
68
84
46
11
68
12
1
18
7
16
21
64
56
53
7
11
44
100
89
24
14
89
3
33
73
96
27
32
26
16
3
46
10
34
36
99
25
93
21
40
26
1
54
42
83
80
48
37
80
86
28
78
16
54
88
42
11
55
70
20
55
37
29
15
11
74
60
36
42
22
76
23
13
19
1
9
15
89
32
5
51
67
28
87
61
54
60
29
6
68
1
99
24
52
96
90
34
26
43
57
35
84
35
31
59
60
35
13
37
48
18
30
10
33
45
87
57
34
72
92
85
63
97
21
83
58
73
28
4
30
59
91
71
22
52
42
18
54
96
99
1
76
59
86
65
57
98
50
8
3
70
3
93
62
58
64
81
40
53
51
17
36
50
30
91
66
49
51
72
90
13
18
93
21
47
20
84
29
39
36
92
83
68
63
60
83
15
96
1
19
32
87
53
75
62
3
51
71
61
13
