100
5000
10
76
94
75
62
44
75
65
26
74
24
81
40
99
78
19
26
17
86
69
84
76
79
21
79
5
57
68
78
33
93
8
29
71
78
32
51
42
54
99
93
79
56
18
31
86
21
38
69
27
84
82
96
14
45
37
75
88
79
47
31
31
90
27
90
47
55
3
49
66
33
44
38
36
74
91
36
28
35
93
25
7
94
38
86
11
9
98
59
50
81
29
10
11
4
55
90
91
50
6
54
84
64
63
70
74
94
20
7
36
42
80
1
46
83
3
12
54
81
22
58
80
8
56
79
12
90
48
29
81
70
52
17
10
45
7
67
65
62
94
45
72
69
2
46
38
15
16
10
29
79
97
78
15
34
45
44
90
81
61
24
50
45
22
71
8
90
90
26
28
26
58
31
40
33
99
72
69
75
95
73
85
24
23
28
76
50
97
98
93
67
73
74
3
16
12
86
85
61
16
31
22
7
41
68
9
43
90
56
82
6
39
8
55
62
56
47
83
39
91
83
63
54
16
14
11
2
98
68
49
6
51
23
30
6
14
20
35
100
63
7
95
54
78
87
42
35
63
28
87
56
41
50
92
8
75
45
18
16
48
72
51
33
93
47
45
53
4
86
40
2
29
12
79
64
68
23
77
32
83
80
25
56
95
23
1
15
51
78
87
97
50
32
8
51
40
36
71
70
26
87
65
6
52
57
37
53
1
47
71
58
64
5
12
48
42
1
67
65
75
41
85
59
38
19
8
52
95
68
6
28
23
24
65
39
36
35
89
93
92
48
90
16
43
34
23
80
71
73
25
45
5
94
80
33
60
53
77
53
53
89
88
35
34
45
21
70
90
55
38
16
45
86
66
95
74
66
75
21
34
76
43
6
34
21
77
18
83
39
96
62
30
33
63
13
38
87
40
65
89
49
14
86
39
49
40
49
89
96
15
70
29
37
49
64
23
3
17
85
19
36
9
54
80
62
85
73
69
98
30
96
85
68
7
28
16
59
18
13
7
67
26
58
80
51
59
78
25
19
42
2
38
28
15
43
29
1
73
62
45
73
20
28
64
35
31
51
13
2
64
44
9
38
41
68
38
41
79
96
77
89
10
54
53
2
90
91
67
62
5
86
79
54
22
59
67
7
55
43
57
97
65
73
63
15
44
86
92
97
33
71
16
61
93
34
76
3
73
42
100
57
21
26
28
85
80
50
25
13
95
64
96
98
49
51
93
82
10
23
76
72
46
29
2
48
74
38
61
86
9
54
53
4
29
89
79
8
81
54
56
23
96
55
6
87
89
39
68
57
45
7
36
64
51
48
3
56
79
85
13
60
32
63
6
48
84
34
99
81
3
50
60
58
51
2
40
20
16
91
78
28
70
15
19
93
44
18
57
45
67
41
55
24
78
89
31
78
62
58
18
9
14
12
14
69
47
26
10
88
6
68
99
47
60
33
35
67
76
99
98
52
62
15
4
51
20
42
71
11
7
65
48
87
86
10
22
69
26
1
79
44
13
96
31
26
17
36
15
57
79
93
40
52
93
23
94
81
8
47
86
73
23
99
96
73
81
24
41
67
24
92
51
23
41
11
42
62
12
26
55
63
15
58
94
6
29
100
89
27
25
63
55
63
65
12
77
59
29
98
34
24
1
74
27
33
39
41
73
49
10
25
1
26
44
49
60
57
100
9
100
83
70
4
44
26
15
95
96
67
49
4
43
97
14
31
4
90
64
60
65
55
34
89
65
54
47
72
65
92
81
56
90
64
53
56
10
17
21
97
49
12
83
17
1
97
85
98
69
74
84
99
13
5
90
44
94
41
32
46
62
19
29
4
31
30
22
100
58
82
15
50
5
83
95
65
99
94
39
32
24
19
20
67
59
42
92
8
45
80
64
33
79
98
44
52
71
8
39
19
13
47
37
67
98
33
17
87
33
89
55
7
93
1
86
14
42
8
93
84
25
2
58
58
44
91
69
80
70
76
40
71
60
83
60
74
100
33
85
23
52
79
81
89
69
12
94
63
64
60
62
2
88
52
95
70
99
58
38
87
37
41
32
48
25
38
35
100
1
62
89
29
100
48
30
89
62
1
56
21
80
31
80
62
66
41
31
24
70
30
21
89
87
22
3
64
80
74
21
45
51
84
84
75
42
40
91
74
69
45
83
100
43
11
13
14
89
92
95
25
21
19
77
75
1
5
2
87
4
2
5
33
32
69
37
28
82
33
97
51
88
66
48
75
88
86
86
76
13
93
58
43
25
60
68
88
22
61
25
73
70
59
67
80
14
45
55
32
100
82
84
63
14
54
22
10
80
92
15
80
83
87
14
99
9
39
21
15
96
1
12
21
43
67
95
59
38
52
5
96
26
92
62
13
40
78
79
89
97
34
62
51
79
52
93
37
87
4
26
38
85
24
92
81
36
77
61
98
10
74
28
80
70
98
20
11
57
90
77
34
73
52
30
88
26
41
96
50
47
28
66
67
12
25
93
12
40
50
68
29
77
63
82
82
80
13
42
76
11
90
52
94
27
4
92
41
64
26
30
33
23
2
72
36
39
90
7
50
66
44
21
71
92
38
60
23
49
54
41
28
5
81
91
92
79
20
25
34
7
75
74
59
53
66
55
53
46
98
54
92
57
15
89
6
45
69
67
46
6
70
26
66
19
91
71
62
18
63
68
88
57
52
45
41
26
95
34
57
35
83
66
69
2
99
8
84
7
35
4
26
51
1
21
27
45
53
21
21
41
45
47
5
68
96
15
6
77
70
33
67
85
50
85
81
38
30
33
14
75
67
48
37
60
65
10
61
44
45
63
46
11
39
27
36
66
57
90
21
28
86
49
76
94
10
37
33
52
3
20
51
19
67
64
75
40
95
80
35
34
90
61
49
70
2
44
100
35
56
77
87
73
15
97
51
53
51
62
61
15
8
49
77
88
36
67
21
48
22
43
86
54
43
4
97
30
8
23
71
20
23
90
81
82
64
45
49
3
84
36
17
92
90
86
43
40
59
91
43
94
35
40
84
99
59
39
50
60
32
7
94
90
53
85
77
89
65
12
39
24
97
15
57
26
6
86
44
37
3
50
78
14
17
47
25
37
92
51
11
78
13
23
33
56
39
4
78
55
78
58
92
28
53
57
42
43
96
10
85
5
86
84
97
4
64
98
52
6
49
76
64
84
8
11
74
48
57
7
39
27
88
87
55
41
85
73
23
11
77
67
74
24
90
77
68
21
8
98
19
94
31
51
75
85
3
57
34
8
22
55
40
54
31
97
84
45
14
5
67
48
81
76
87
71
34
70
91
89
74
47
64
60
97
50
62
19
52
81
66
14
46
14
47
76
41
59
14
37
69
41
29
41
6
88
40
36
17
95
43
51
47
8
53
48
10
19
17
54
73
90
73
57
31
86
19
35
79
98
83
84
18
45
26
84
76
99
96
7
63
99
69
43
4
84
53
1
54
95
69
24
85
99
32
56
75
94
46
94
96
94
26
79
99
1
87
54
22
64
30
13
62
31
1
5
59
86
82
55
56
62
78
36
35
78
44
97
30
100
100
37
45
59
24
61
56
69
2
18
87
18
12
58
69
27
32
66
60
35
88
24
67
72
69
49
53
37
12
63
59
16
83
72
32
58
12
10
37
63
72
99
56
26
24
30
15
6
100
60
91
35
42
63
23
98
61
55
63
30
49
70
1
100
25
93
37
70
72
96
24
30
72
4
62
42
75
73
23
15
12
41
62
14
56
24
15
68
27
58
88
98
53
46
61
76
9
61
14
65
71
18
14
53
8
97
28
50
71
12
31
69
8
81
59
52
44
98
34
40
9
80
55
32
86
82
13
77
45
54
33
78
97
66
19
41
9
17
5
48
24
64
8
39
46
49
95
58
4
37
12
62
79
83
3
72
96
23
23
28
2
31
54
84
32
99
48
13
44
54
16
93
80
40
83
4
34
45
31
90
22
45
33
93
19
72
37
45
55
55
38
30
48
59
12
90
65
87
61
44
92
88
13
8
5
46
98
89
26
70
28
78
100
94
100
42
53
59
87
100
12
75
53
78
33
65
77
24
1
12
63
17
22
52
38
25
4
40
21
92
72
92
27
28
30
15
66
16
59
59
62
21
16
31
97
51
3
83
19
86
11
6
99
29
66
49
65
69
44
39
39
99
54
97
42
28
67
55
90
64
28
17
42
59
11
99
26
53
91
37
39
96
7
78
30
21
84
53
15
9
69
78
68
1
55
8
36
37
50
63
89
96
80
24
86
2
89
40
66
100
55
12
53
36
79
4
13
5
83
38
33
70
47
99
37
48
77
72
92
10
12
45
73
38
78
45
79
30
84
4
93
50
96
42
74
24
11
15
72
38
58
15
40
11
90
98
72
5
20
79
57
35
97
56
40
74
21
48
73
72
65
49
95
30
46
100
30
37
7
87
9
64
43
86
3
94
28
40
19
35
13
39
36
46
94
47
27
76
36
64
65
4
82
26
2
6
97
2
33
20
71
70
99
14
33
86
16
27
6
64
78
81
98
85
80
4
18
46
24
81
83
94
17
83
98
9
6
78
48
50
9
84
36
99
2
30
33
84
41
17
18
1
33
47
56
56
14
63
61
28
24
69
34
65
40
64
21
18
8
85
4
10
78
43
60
7
54
12
35
10
62
100
23
75
97
86
46
31
21
99
33
66
96
48
76
70
22
5
56
65
65
75
4
97
36
2
58
5
75
42
19
70
34
78
55
48
38
95
60
55
50
56
46
2
72
43
28
75
67
89
43
46
90
34
62
82
10
23
79
43
36
57
50
100
46
91
81
39
69
39
21
73
55
6
64
97
26
1
83
49
63
77
96
13
17
25
18
33
69
28
3
13
54
38
39
100
45
59
94
20
31
66
92
57
96
41
72
80
15
4
48
86
60
46
16
49
3
83
27
39
55
59
65
65
77
81
54
58
42
12
79
56
95
95
20
93
51
100
18
57
95
36
77
56
92
57
11
19
55
61
29
5
34
56
63
46
58
62
30
43
85
21
9
99
47
73
65
71
68
45
14
22
23
31
83
58
48
19
66
85
57
34
19
10
32
27
76
88
86
74
97
81
96
62
63
72
1
10
62
68
67
31
100
17
35
57
36
38
99
37
21
95
6
21
99
45
61
53
6
52
75
12
90
5
52
65
62
7
31
87
75
12
25
14
44
78
20
94
80
54
90
60
84
50
30
24
12
6
71
12
27
91
9
79
85
61
5
68
100
8
23
64
45
60
61
84
88
82
63
92
18
61
47
35
59
13
45
44
86
70
65
25
62
12
65
94
30
74
32
90
47
37
96
33
32
62
72
60
12
80
68
39
61
60
96
56
6
5
90
43
37
12
48
6
65
4
63
40
17
7
29
93
24
79
56
25
30
2
39
6
2
89
29
35
23
20
16
91
31
23
7
96
10
54
36
46
90
73
10
72
6
27
68
65
12
10
75
11
18
90
32
30
54
100
47
94
10
79
77
26
19
63
16
31
42
5
38
72
74
71
59
25
94
42
65
8
39
48
69
32
13
42
43
29
29
45
50
99
27
84
47
55
70
69
41
46
77
3
9
1
33
93
22
18
42
66
13
54
76
65
6
24
14
95
93
45
62
22
61
44
64
80
17
42
88
62
30
97
87
10
10
88
93
46
17
41
80
21
34
31
81
55
28
36
77
75
13
78
37
51
95
56
94
20
40
67
35
53
93
34
6
56
54
15
50
46
77
92
7
72
66
6
2
23
26
6
2
23
64
48
33
33
89
2
28
31
10
98
26
21
81
6
77
92
44
11
13
4
68
97
65
32
70
8
72
7
55
69
66
23
25
72
55
69
44
6
59
19
96
34
68
52
37
64
55
38
12
27
90
14
83
53
41
78
72
4
35
36
42
67
30
23
29
38
57
66
80
70
65
86
69
79
90
87
83
19
65
64
20
19
81
47
86
98
33
100
25
22
29
36
20
70
58
71
29
71
70
4
1
54
85
77
53
80
14
87
66
71
22
36
75
37
29
9
86
6
44
2
83
93
74
24
91
20
16
13
83
93
77
41
99
51
64
31
75
33
44
89
17
87
9
13
37
51
69
50
33
37
33
5
48
32
97
41
9
11
79
89
37
6
97
35
80
41
50
52
75
24
27
62
44
11
16
32
51
94
70
30
49
60
16
42
46
25
78
63
57
67
69
37
99
66
30
12
10
33
63
18
19
18
39
53
93
68
33
92
40
17
57
29
74
47
49
43
38
78
43
52
14
85
59
8
13
13
95
100
64
61
22
40
76
23
91
48
50
46
18
59
5
93
48
83
92
84
60
92
71
32
55
18
31
76
33
94
69
84
24
67
59
87
100
24
51
78
33
27
93
12
57
24
50
31
93
100
40
47
41
97
26
69
77
34
32
64
47
40
4
33
94
69
67
23
35
51
41
8
23
14
99
60
23
66
30
76
61
75
66
50
75
50
49
62
54
60
71
7
87
13
65
37
48
50
48
65
68
78
17
57
4
2
60
57
43
31
25
38
31
11
83
43
12
14
29
66
100
49
17
77
14
78
72
53
84
15
34
22
83
6
60
87
17
68
89
16
51
15
32
49
76
18
67
70
75
69
99
36
35
1
23
78
3
24
95
62
13
79
67
31
58
73
77
60
65
63
5
17
38
82
96
6
52
82
28
73
88
3
97
90
10
52
99
95
15
88
15
9
96
91
8
48
60
62
51
52
52
49
30
50
21
46
89
10
48
91
67
26
51
77
48
66
45
88
67
96
60
34
23
49
65
50
97
53
88
98
56
15
17
64
86
23
13
84
6
100
91
44
72
89
80
15
80
12
44
78
8
30
74
52
82
45
43
67
12
85
13
26
84
82
82
25
72
48
50
64
81
100
37
61
91
15
83
32
30
29
65
2
71
67
33
45
46
3
99
24
4
33
42
11
46
48
61
39
7
43
77
16
98
93
64
87
89
73
24
79
6
81
92
21
62
100
17
62
10
55
89
31
61
46
70
53
100
93
46
15
29
77
50
6
80
89
19
9
75
24
15
44
49
33
7
64
73
51
47
57
71
17
83
15
93
66
73
83
21
91
44
76
60
74
92
90
57
21
27
62
65
24
47
74
18
72
16
22
64
88
37
50
68
68
26
31
80
94
24
95
81
77
36
2
21
8
1
83
55
42
60
17
75
62
28
50
65
2
81
57
51
55
13
86
57
35
48
36
36
31
24
49
10
78
1
44
29
37
74
21
70
87
52
39
42
48
47
64
87
42
69
77
82
100
1
75
33
13
75
38
28
55
57
21
61
84
27
24
82
27
17
8
76
60
9
50
11
94
1
27
50
100
2
31
74
93
6
90
42
97
50
100
73
36
59
57
77
51
84
100
18
43
79
14
32
31
18
87
82
91
65
54
7
45
39
41
62
65
29
1
53
6
41
11
78
32
28
12
19
34
48
19
73
73
94
95
43
32
47
33
95
30
10
98
89
62
50
23
22
80
60
32
73
83
24
68
9
95
52
73
63
40
64
46
45
45
61
10
89
22
4
58
56
92
72
38
38
90
14
4
96
87
89
48
73
52
20
3
90
70
12
58
29
6
36
45
46
99
49
97
64
58
15
6
81
30
38
35
32
46
68
36
37
68
6
67
6
1
24
89
76
40
60
16
42
30
52
12
68
59
62
83
12
73
87
22
7
88
37
42
1
80
15
37
86
45
94
36
54
100
94
90
53
50
100
98
100
11
6
81
81
61
47
9
99
75
69
26
25
85
2
87
92
23
14
74
100
66
37
98
49
36
96
38
40
84
63
51
85
66
52
82
97
4
1
7
62
87
67
21
6
92
46
71
58
97
31
30
17
93
81
72
49
82
29
56
85
73
68
31
37
59
14
57
34
28
44
34
95
29
62
73
46
18
37
97
76
10
63
11
24
65
73
32
78
29
23
89
7
20
54
72
31
93
55
61
9
10
90
68
14
50
76
22
43
89
2
97
12
83
38
98
47
33
94
27
21
11
63
24
51
46
96
10
63
89
91
14
79
52
29
2
83
44
68
42
8
17
71
83
56
18
32
88
22
59
33
49
40
100
85
29
77
8
45
87
19
9
77
86
60
24
79
90
17
10
85
94
43
62
95
97
57
25
79
51
41
6
100
86
10
36
83
90
65
7
16
24
47
56
2
38
71
22
71
48
75
97
78
25
29
99
62
7
80
94
33
81
66
52
79
1
54
83
50
27
99
54
83
48
87
56
26
46
64
35
22
67
50
64
69
20
57
39
28
90
23
71
5
85
16
92
31
16
41
56
2
54
63
30
98
80
58
46
15
53
95
84
85
78
12
100
66
76
98
88
39
93
80
27
94
25
26
74
49
71
18
68
30
68
1
62
90
75
63
94
46
64
62
90
44
61
49
18
30
63
68
47
49
32
33
1
12
24
20
86
54
50
27
8
40
92
49
66
65
39
90
5
16
78
54
21
51
24
17
15
30
5
36
49
71
30
61
39
53
79
80
20
4
57
7
65
66
97
7
98
39
24
1
67
10
44
81
53
62
48
77
98
56
62
89
63
10
95
9
82
97
64
2
10
79
54
2
46
47
29
94
73
36
20
24
91
91
39
7
32
14
61
28
100
99
90
84
20
46
4
68
78
23
7
50
59
21
73
83
37
68
4
11
46
39
22
17
45
23
49
76
94
88
46
6
7
22
28
84
19
54
13
40
72
39
99
51
25
42
68
87
4
61
77
5
27
60
44
82
10
100
23
21
3
70
4
29
43
60
28
91
24
15
78
89
100
9
73
100
93
80
100
11
39
13
74
81
74
45
30
90
53
67
64
3
37
48
33
39
91
71
35
48
54
37
19
78
7
52
68
14
17
54
15
73
5
34
98
5
63
99
75
100
57
64
95
27
38
10
6
78
30
93
5
65
36
45
88
90
5
21
5
6
50
36
88
84
21
78
67
92
84
16
62
25
27
95
73
61
27
80
84
100
69
62
97
37
44
15
59
53
6
42
58
16
31
31
25
18
68
34
81
23
23
100
66
71
42
36
93
38
60
65
63
57
4
25
59
58
41
29
13
39
81
86
99
43
7
14
26
17
80
45
12
18
64
94
94
29
40
13
17
100
58
25
48
55
67
57
79
49
18
20
74
5
83
37
63
44
75
57
54
62
54
17
65
29
30
3
45
19
17
29
93
78
91
35
74
68
66
4
97
98
89
17
72
39
17
55
39
25
36
49
63
13
97
15
30
4
11
12
99
93
15
4
66
60
2
21
89
21
37
24
68
100
69
77
60
87
27
60
95
81
17
26
93
80
10
100
14
19
71
33
66
68
5
19
19
53
26
53
88
38
24
35
51
50
91
21
63
94
5
39
62
4
3
92
20
41
93
89
61
10
36
31
50
100
72
73
21
74
48
29
85
9
88
64
1
57
88
42
76
51
52
84
35
84
63
91
29
50
77
5
53
1
31
90
33
66
14
3
90
22
43
31
8
52
33
35
39
76
96
19
11
57
96
72
68
86
54
57
22
72
100
43
24
8
51
76
54
75
78
68
37
27
5
91
84
8
27
20
13
95
49
70
55
7
82
72
25
5
12
33
29
83
71
55
63
35
8
55
52
75
16
100
73
100
22
42
74
100
78
5
46
1
27
25
53
87
4
7
32
46
76
41
91
51
70
5
46
21
74
86
31
85
81
53
85
44
92
32
86
1
13
81
61
20
41
13
19
74
68
80
38
55
3
50
79
66
6
10
94
78
70
75
83
36
31
75
25
29
69
6
10
89
24
21
26
96
22
91
84
56
75
71
87
64
99
37
92
25
4
67
65
28
79
99
61
80
85
20
69
9
80
9
81
39
46
4
45
62
44
11
26
74
100
94
15
21
4
55
70
39
87
94
51
53
74
12
43
37
1
28
53
12
11
13
57
14
76
14
16
13
39
99
69
32
47
22
25
77
30
43
25
40
35
37
93
87
44
54
94
42
5
46
13
97
14
100
96
11
29
59
13
45
40
25
11
18
90
26
60
90
49
73
38
57
6
60
14
77
46
44
33
84
4
14
63
45
13
92
41
71
36
70
84
4
28
99
84
79
34
3
16
10
39
91
23
7
87
44
92
93
34
20
61
53
35
3
88
10
42
33
69
88
65
16
72
7
63
59
80
16
38
18
51
97
59
88
82
7
64
92
31
98
26
100
20
40
73
79
8
23
76
39
3
91
57
30
99
27
17
55
57
20
52
31
5
77
51
23
2
74
42
97
16
58
25
94
37
88
84
62
64
46
71
89
59
3
8
65
71
16
90
43
49
49
39
68
57
45
45
98
62
66
49
82
84
4
37
51
23
30
60
8
91
35
49
62
9
13
77
66
76
65
35
7
53
14
69
49
22
8
32
36
26
85
1
28
61
68
97
2
7
31
52
56
59
3
29
28
82
93
36
64
29
85
75
7
59
69
26
13
52
98
11
70
36
25
38
11
80
37
2
27
63
95
44
17
82
98
77
98
18
17
61
57
3
76
81
65
27
58
56
44
52
7
44
63
85
17
4
73
51
8
39
44
24
74
67
70
11
7
28
7
97
67
80
88
93
100
88
23
68
69
45
64
1
74
99
52
42
61
78
34
47
77
39
35
60
64
47
81
1
13
69
9
82
75
3
18
8
53
44
78
33
47
82
33
14
43
78
95
68
41
84
91
53
14
36
75
78
67
86
67
79
96
17
65
27
84
13
84
64
12
17
95
71
80
8
9
82
79
88
81
24
87
12
8
57
16
30
26
48
37
72
66
49
58
52
89
38
81
32
75
4
83
37
55
43
80
8
97
9
46
83
55
10
61
78
5
76
73
47
75
89
15
58
28
22
87
60
18
42
59
64
23
84
72
8
29
42
16
99
71
11
79
8
41
38
30
56
45
74
69
43
96
26
38
82
88
6
8
9
63
55
67
74
72
83
17
80
60
15
71
63
85
70
2
15
94
45
91
54
55
67
92
19
68
86
22
4
15
52
76
79
29
51
1
26
72
44
87
15
68
9
5
52
69
6
43
19
22
16
95
84
88
6
49
51
83
10
34
49
5
73
100
85
48
15
100
50
25
70
40
31
76
21
54
55
89
34
2
4
41
1
14
11
35
91
15
10
33
45
27
95
30
94
82
2
38
27
5
80
89
75
59
27
97
19
10
94
90
73
65
17
81
63
31
67
69
54
73
31
62
90
72
38
5
55
25
95
56
10
75
29
11
13
90
19
82
88
64
4
74
82
41
1
93
57
42
59
95
66
45
85
41
61
87
66
69
34
95
17
40
45
23
76
10
84
89
52
36
57
