100
5000
2
46
20
21
18
76
61
12
30
79
28
33
85
3
94
57
38
32
11
98
32
49
48
23
34
28
53
31
32
2
63
18
38
23
53
43
95
34
35
31
16
17
12
12
52
100
36
77
16
91
18
24
59
34
55
97
37
5
7
2
73
82
39
82
38
91
38
72
7
42
24
12
28
19
49
24
43
83
36
7
26
44
42
9
19
100
67
38
85
17
20
72
12
99
72
34
3
6
26
13
16
86
45
67
82
76
56
84
19
50
85
21
91
52
33
36
75
23
24
48
83
16
19
66
28
81
81
79
5
10
56
90
84
65
51
90
1
68
80
62
52
49
83
76
15
22
59
44
22
6
31
80
86
71
5
80
28
69
79
70
6
47
88
86
62
44
65
33
20
71
25
41
79
44
76
95
18
70
19
24
89
71
73
46
74
61
31
64
18
80
84
93
77
24
17
39
6
55
99
93
35
42
31
99
14
100
13
75
51
92
9
55
78
71
23
34
37
16
33
100
95
34
94
43
3
30
40
56
13
99
6
29
99
82
9
77
22
98
31
30
65
38
26
100
37
91
18
75
65
64
56
44
12
96
7
51
23
25
77
63
58
66
19
73
43
11
61
6
20
51
46
16
47
67
31
22
75
99
14
11
14
61
84
64
96
27
68
9
59
2
92
68
6
27
12
19
43
6
55
76
16
100
13
48
2
47
65
35
56
98
78
86
40
24
78
4
69
76
67
93
21
31
67
84
30
54
81
59
63
67
90
77
4
78
40
1
39
78
80
59
37
41
88
80
38
92
93
55
2
44
25
41
15
36
100
40
31
79
17
74
61
90
64
86
31
40
63
52
51
90
92
43
52
40
23
92
38
55
76
15
96
53
48
26
42
5
33
84
66
94
37
56
61
28
25
81
46
54
5
56
67
24
81
24
37
13
87
54
24
33
15
6
36
45
78
73
88
38
10
77
76
70
93
86
93
23
26
69
41
77
38
61
68
14
73
69
84
64
84
25
39
59
13
4
13
51
96
18
44
3
93
45
66
92
16
2
98
87
18
28
47
43
79
9
91
50
52
23
75
20
49
72
14
5
42
92
26
87
88
52
94
75
46
49
45
23
83
6
56
82
1
93
32
11
47
85
52
32
91
58
57
10
23
68
39
17
41
45
41
45
63
88
13
12
85
46
46
7
38
48
52
24
71
4
60
93
20
11
32
41
66
55
94
57
49
23
24
31
35
18
11
20
28
89
33
91
74
86
34
11
68
44
87
8
56
62
34
82
85
72
51
6
91
97
28
89
25
34
1
71
98
31
6
26
1
60
80
32
33
14
98
65
30
50
48
36
63
59
67
70
47
78
92
48
96
64
68
30
45
10
82
86
47
60
98
96
28
41
35
63
88
67
94
27
99
52
78
100
49
71
36
36
93
89
5
40
89
92
23
37
34
40
53
16
13
71
69
29
83
95
75
83
98
94
90
35
44
8
79
14
84
96
36
58
12
24
100
37
37
49
13
18
43
83
40
64
84
37
79
40
93
100
60
81
90
74
35
76
94
85
32
59
31
54
68
85
10
5
35
59
6
97
14
47
97
33
52
15
49
87
1
98
15
82
41
94
71
95
87
87
45
32
11
58
23
19
58
21
17
49
78
56
6
56
58
3
41
56
1
30
51
68
29
21
67
79
96
70
82
100
27
34
27
100
80
25
44
57
39
77
70
13
18
58
74
99
4
75
34
46
67
90
78
72
23
75
45
24
90
34
1
35
18
90
10
77
15
55
41
41
98
70
49
9
9
89
6
92
27
87
47
43
90
96
40
40
84
31
40
4
10
59
18
96
80
55
4
3
89
27
88
52
63
15
60
5
8
4
40
6
51
82
4
61
11
14
25
64
60
91
9
60
72
66
74
71
32
50
28
81
68
37
85
43
68
52
15
10
96
10
20
18
65
9
38
98
58
59
45
96
56
20
4
88
88
60
9
100
17
67
79
4
16
19
90
72
92
57
20
36
57
42
55
73
88
94
81
84
46
69
44
57
6
77
63
49
84
66
31
7
33
16
100
38
6
64
22
75
45
91
52
61
47
23
12
86
38
71
80
71
18
38
81
94
36
49
9
4
71
98
9
18
49
81
65
85
78
9
33
85
52
93
92
91
47
16
31
27
60
53
71
10
97
35
66
68
6
72
69
58
26
25
72
27
95
98
23
98
90
9
90
33
77
78
5
87
65
35
20
57
38
66
14
10
47
72
68
29
77
36
47
88
57
69
18
29
48
79
74
24
96
6
76
89
75
65
64
68
59
2
88
30
49
12
24
33
57
87
14
75
63
41
30
47
63
49
94
19
10
97
37
54
15
33
38
43
25
9
18
9
41
6
30
69
15
20
59
51
17
8
31
26
3
21
60
66
19
81
65
34
97
100
54
93
30
35
21
54
59
10
32
79
71
23
35
74
56
36
44
88
69
64
74
89
77
20
19
17
79
87
66
20
85
47
19
26
39
65
84
51
16
98
66
10
64
52
29
94
95
58
23
23
62
20
54
85
77
48
82
94
13
84
65
73
15
43
93
41
20
77
51
85
91
82
27
92
20
99
73
93
30
53
28
4
45
99
41
53
42
46
81
60
47
42
15
60
87
20
42
10
59
36
86
21
78
26
54
23
7
15
39
93
95
69
78
34
68
5
74
79
19
9
9
13
8
19
79
76
1
32
62
15
68
60
25
2
94
18
81
41
82
49
95
93
97
91
72
89
68
91
77
4
66
15
45
36
56
37
24
46
64
15
53
71
80
27
11
25
63
69
56
91
3
96
55
37
34
80
12
48
31
15
34
57
93
22
92
48
17
27
81
49
22
5
41
37
59
8
18
19
51
58
53
15
21
16
70
68
74
56
22
97
31
89
6
39
43
68
91
13
29
76
53
54
49
88
18
26
29
47
27
31
75
49
70
46
16
37
79
24
6
45
42
95
87
78
93
84
6
25
79
16
21
43
67
83
53
36
81
63
70
76
75
88
61
18
21
47
86
85
84
84
59
11
27
44
5
89
92
73
37
4
68
22
57
40
83
77
34
89
43
85
59
98
28
24
87
51
42
2
88
98
67
62
28
27
20
85
73
14
51
34
51
96
47
12
25
56
75
54
11
2
77
55
27
66
36
59
82
58
1
36
27
98
91
56
1
13
75
75
84
83
45
89
70
37
84
54
85
3
73
88
29
74
89
99
7
39
67
79
92
64
24
26
64
43
27
52
21
13
10
54
82
36
35
97
26
97
84
36
11
5
100
69
59
39
71
7
6
60
48
96
28
41
46
31
85
84
2
69
34
48
51
43
31
17
87
92
23
49
15
15
48
69
15
92
17
69
54
54
57
100
50
30
23
2
53
23
33
16
85
77
31
29
40
38
40
26
87
4
64
86
99
98
27
41
87
33
50
99
87
64
45
82
98
35
100
76
61
43
14
81
84
80
5
67
43
49
29
59
98
85
7
81
50
89
59
88
14
10
36
8
57
58
45
19
73
84
83
17
44
20
32
91
99
81
92
80
1
44
59
30
31
52
50
24
86
9
79
27
97
65
12
59
43
94
27
58
48
30
47
86
9
64
21
21
75
65
27
54
33
9
100
9
97
34
13
48
9
43
40
40
34
8
16
49
98
17
17
82
82
53
100
82
12
15
100
20
35
31
20
93
68
54
3
16
18
40
73
76
77
83
13
6
5
18
5
16
30
23
78
68
21
98
95
82
78
97
17
85
62
13
60
88
55
69
91
86
100
99
9
20
38
29
45
57
5
85
73
58
75
71
73
99
76
43
81
74
55
42
74
2
21
61
75
76
57
92
77
98
91
63
89
36
4
59
65
6
96
90
88
84
49
3
40
14
49
36
15
73
48
60
62
63
88
55
89
74
4
69
52
93
38
19
79
5
90
89
17
94
68
68
64
54
18
2
12
74
10
60
91
58
70
61
4
66
56
31
50
44
58
85
2
50
17
70
30
48
49
89
38
87
31
93
99
25
40
61
70
29
39
78
76
55
48
64
63
17
59
27
48
98
10
67
37
54
28
88
31
53
91
52
47
71
7
26
86
63
5
48
41
58
13
57
65
27
30
83
78
16
69
94
12
38
69
20
75
80
44
12
72
72
84
12
39
43
1
72
13
50
100
77
11
14
4
61
99
40
75
18
92
13
59
82
41
36
46
83
86
19
23
5
35
60
13
52
29
39
58
8
61
66
44
59
48
51
2
41
38
78
76
82
4
90
56
47
36
38
16
86
74
97
48
79
27
74
41
18
89
52
18
99
98
26
21
32
10
31
46
44
2
28
74
10
44
72
87
59
21
39
26
27
21
59
54
70
87
57
60
77
15
67
31
21
12
70
2
57
4
35
34
6
88
22
66
76
72
90
5
42
80
59
66
93
63
82
26
11
7
1
48
62
30
88
23
52
45
81
78
74
48
82
85
76
48
43
46
62
41
77
30
76
64
16
73
51
89
46
35
67
4
83
40
42
17
77
96
7
86
34
55
98
20
94
63
56
67
30
22
25
86
51
68
4
54
40
17
76
69
47
94
40
45
64
72
66
74
46
84
13
17
5
52
56
15
77
51
63
56
49
43
44
98
100
53
93
29
14
93
37
38
96
65
29
8
72
40
3
40
37
46
20
17
48
79
14
73
44
68
64
18
46
76
69
100
91
18
59
36
90
29
4
41
74
70
62
35
83
15
21
22
21
56
16
30
14
53
55
15
6
90
42
60
30
69
70
52
23
80
44
40
98
12
23
55
63
77
81
58
43
70
68
56
92
7
81
18
44
24
22
40
1
60
69
20
54
14
68
42
7
75
42
28
51
22
78
63
75
36
25
24
79
78
55
39
46
40
50
45
87
64
85
19
46
98
95
80
34
97
97
96
55
4
68
7
4
99
89
57
9
1
35
57
91
28
21
5
92
98
96
8
17
10
63
67
98
88
1
88
23
39
67
91
1
2
7
3
41
93
77
12
50
100
20
54
20
79
7
68
96
99
96
28
37
42
33
76
31
16
21
47
36
18
32
10
22
38
87
18
9
22
28
55
51
70
16
85
24
84
90
85
77
3
69
10
93
15
4
49
23
49
89
91
73
14
14
44
68
12
23
94
61
3
95
39
96
31
60
27
33
75
58
86
7
79
57
58
29
20
7
15
92
57
45
80
36
9
63
46
22
88
18
25
89
47
28
26
93
71
17
73
85
52
85
93
61
31
66
56
70
3
9
80
19
35
60
96
29
23
44
69
36
46
57
6
94
42
90
99
18
18
69
71
1
50
11
45
5
93
96
83
47
84
48
60
43
39
30
57
97
28
16
86
51
23
4
66
58
91
1
48
97
80
9
90
71
82
13
27
83
68
87
42
63
34
35
49
56
28
23
67
89
96
43
97
58
45
36
90
56
13
82
89
43
70
96
55
93
62
65
94
66
14
86
84
52
41
36
66
9
46
62
37
89
75
41
34
42
71
45
25
58
51
17
10
92
7
26
90
55
26
34
51
25
2
53
41
9
5
89
33
75
97
62
46
71
37
72
37
16
65
29
36
8
5
3
26
13
67
53
71
39
90
80
83
100
52
40
40
66
28
64
86
77
63
13
3
52
8
54
41
46
98
39
21
24
62
28
22
50
4
37
77
56
19
10
1
61
10
58
71
23
63
99
11
1
29
51
35
98
36
43
24
24
92
79
78
76
69
22
1
18
83
27
20
86
71
6
12
6
46
95
61
80
30
88
8
1
52
10
46
4
14
12
11
4
76
42
96
61
96
7
62
97
32
59
6
70
54
69
25
55
39
42
23
65
23
50
65
23
54
9
96
87
82
88
76
20
19
73
16
61
35
67
21
80
14
34
3
27
57
53
48
98
94
31
88
18
19
91
1
17
9
34
74
70
84
35
81
45
17
62
90
85
75
9
42
76
27
62
63
24
47
44
52
3
87
4
78
22
54
69
80
1
83
65
77
89
60
93
97
40
82
11
51
5
36
85
40
42
95
76
34
10
13
60
47
20
29
89
96
96
13
95
90
79
39
39
90
3
6
30
94
41
8
37
98
59
37
39
79
10
14
77
17
52
15
17
91
58
19
63
71
67
95
58
49
99
97
56
10
41
3
99
22
44
35
28
85
55
16
85
75
35
70
90
91
91
71
80
9
11
56
23
38
1
5
40
48
24
61
44
63
68
42
58
27
53
91
27
7
83
3
25
26
91
43
35
32
92
96
97
76
2
78
94
26
76
48
25
51
93
45
19
11
64
94
31
65
33
71
66
7
72
78
82
26
99
51
28
51
20
10
57
44
94
72
6
47
38
83
79
50
45
72
62
42
49
68
79
48
90
28
19
71
1
99
36
99
40
29
13
69
30
71
63
3
34
66
72
39
26
15
3
13
24
40
98
33
34
90
77
8
5
19
27
52
30
68
24
73
10
90
56
83
1
67
79
33
2
21
20
87
72
37
26
27
27
82
42
19
42
56
75
31
44
10
25
19
58
30
9
100
65
44
38
67
100
41
23
51
82
69
90
38
16
13
56
74
35
25
84
78
49
44
50
47
55
54
67
8
72
20
35
47
61
100
5
68
38
88
28
48
95
7
48
5
55
37
46
94
85
31
1
19
51
86
53
77
59
37
6
72
28
82
29
24
41
71
49
37
36
18
41
96
70
97
7
96
78
79
85
43
3
38
82
13
71
5
33
63
20
74
45
37
10
76
75
58
5
22
7
80
5
20
35
50
36
58
99
75
37
10
79
82
40
43
45
26
33
3
98
82
39
95
93
43
9
88
75
86
32
25
80
31
72
72
70
85
66
26
35
22
50
99
23
76
15
88
39
5
40
92
63
95
37
7
94
67
50
41
31
61
80
69
60
33
58
22
62
40
15
15
44
57
38
17
22
41
10
61
41
36
22
85
68
30
22
10
44
33
22
99
35
19
72
96
56
79
98
5
8
69
11
11
45
62
57
10
28
50
100
40
77
77
27
47
90
70
70
57
12
38
6
5
6
71
81
24
12
58
28
77
36
42
21
95
9
21
69
19
47
3
80
80
60
62
82
29
63
44
86
88
54
82
24
7
59
24
5
98
22
49
12
65
50
40
97
51
61
73
69
96
96
29
6
10
17
19
17
94
42
22
15
31
81
32
56
35
14
47
47
16
84
54
71
37
6
70
59
28
39
82
39
58
19
25
41
66
36
26
40
24
4
86
21
23
83
49
67
85
68
22
63
28
88
1
55
82
74
34
28
85
48
78
61
55
55
72
11
11
85
14
70
79
50
46
68
92
78
48
16
44
61
37
2
53
23
42
83
37
58
65
41
32
19
7
17
15
82
71
81
29
23
62
9
79
41
71
28
86
96
90
89
19
5
86
37
77
26
3
8
100
25
15
39
55
43
65
68
32
13
1
28
99
2
39
12
80
20
23
40
32
47
37
22
81
47
30
19
27
20
80
51
75
95
61
42
94
13
50
92
3
93
61
67
69
65
31
6
49
14
21
80
73
40
91
60
34
70
64
82
36
60
87
36
95
70
91
58
72
51
53
48
86
75
81
15
16
42
52
74
4
83
98
49
71
97
18
57
26
83
82
95
62
73
74
22
88
65
30
68
52
52
65
65
19
76
93
87
45
63
13
68
4
100
57
96
20
83
64
66
20
67
6
5
45
34
97
74
76
75
100
34
31
95
99
95
31
83
27
48
94
77
78
10
10
22
59
28
66
3
46
44
63
56
10
56
45
36
79
13
65
44
89
59
3
19
15
57
87
86
38
30
25
76
45
50
22
28
45
54
59
34
68
21
51
28
36
50
68
40
54
92
26
38
31
88
98
51
91
54
80
85
25
70
71
60
28
72
17
89
23
29
94
49
86
87
100
12
21
44
46
89
25
62
43
73
4
80
84
45
15
33
62
40
82
3
5
41
88
77
73
66
83
8
16
7
27
40
45
83
10
40
75
67
39
2
74
28
77
67
45
31
68
70
11
64
99
84
8
9
83
36
48
53
25
78
53
20
95
12
6
74
19
61
71
12
33
70
51
56
24
16
23
5
12
63
69
26
53
12
29
71
12
77
43
17
37
4
24
2
36
5
83
47
71
10
83
42
8
89
17
15
91
30
6
70
72
63
21
87
64
94
48
2
46
81
7
37
74
77
45
16
11
42
73
99
1
73
30
78
43
1
57
79
78
75
15
59
40
42
82
6
68
95
14
3
54
52
17
52
39
66
65
83
7
68
83
54
43
99
13
67
62
20
40
93
57
90
18
51
84
1
19
18
23
36
90
23
13
62
12
48
63
4
3
53
61
78
22
87
49
43
22
33
12
32
74
96
74
95
3
49
81
24
30
62
12
48
17
89
13
54
73
90
85
68
88
51
55
24
26
47
99
68
15
95
59
82
52
98
65
99
97
65
23
97
44
31
24
46
52
38
66
5
18
96
87
14
62
68
36
32
83
55
85
56
87
81
20
25
38
80
71
19
35
90
7
65
56
49
77
95
59
7
89
7
11
23
40
87
47
95
49
20
52
78
91
52
67
98
88
42
88
3
41
96
97
38
45
49
19
61
9
87
84
67
60
26
5
70
35
21
24
30
69
16
70
98
98
99
35
98
21
86
72
73
54
96
75
8
85
94
74
42
32
2
1
29
81
88
28
43
92
74
42
41
13
5
89
37
30
69
46
57
54
74
63
27
62
70
64
22
44
92
98
26
23
4
63
92
15
7
65
100
5
14
86
28
64
24
12
45
37
50
93
5
79
87
66
76
87
66
23
8
66
49
70
46
8
72
40
54
96
77
12
92
25
47
31
86
9
69
29
68
61
88
33
17
60
16
95
94
38
53
9
7
79
60
61
64
82
17
100
76
76
18
64
37
53
36
23
87
35
10
48
74
77
94
23
13
68
23
51
96
29
3
46
30
95
66
80
42
83
57
17
43
36
6
3
2
75
98
21
47
2
35
44
50
95
39
56
65
82
22
50
42
79
7
100
75
24
59
11
95
81
50
21
40
74
97
37
34
51
37
72
39
3
99
39
99
1
70
8
98
61
5
51
40
19
19
10
2
94
48
79
76
72
5
21
52
17
81
7
96
6
2
16
12
99
69
34
95
65
38
67
23
21
44
62
52
58
61
11
14
87
63
57
89
2
48
57
41
47
100
55
85
37
63
4
87
69
10
4
65
94
38
14
61
71
86
21
86
3
60
26
18
47
85
98
35
74
68
88
78
51
96
4
11
4
25
12
92
66
93
20
100
20
42
22
62
10
63
79
69
61
41
42
42
64
94
58
6
21
99
43
86
8
19
92
15
79
69
98
22
84
75
19
5
23
49
20
78
23
43
12
20
98
28
26
97
1
8
68
16
20
65
18
14
89
35
75
72
63
88
6
14
43
9
74
48
31
22
61
75
21
84
75
83
25
47
55
52
57
58
92
59
55
61
42
98
17
78
14
1
45
38
62
52
85
93
75
34
73
70
48
3
38
35
97
69
85
40
74
90
48
15
19
88
70
39
55
100
24
27
27
27
38
93
22
45
98
71
33
42
65
91
89
2
80
45
72
54
24
27
72
31
83
60
30
99
85
36
3
89
91
72
57
12
74
5
36
46
25
52
84
21
18
34
78
4
47
52
75
96
65
53
57
58
52
75
77
77
87
5
23
78
18
48
4
23
60
25
67
29
38
18
43
2
22
10
20
78
67
29
81
14
30
47
25
98
81
42
74
98
40
82
30
86
74
58
36
1
94
33
96
34
49
45
26
78
2
88
11
68
9
76
85
31
92
12
24
33
39
75
22
14
66
19
18
4
34
90
63
22
60
24
29
58
27
15
97
86
84
1
6
89
87
20
88
60
58
33
55
88
61
43
75
33
76
91
73
84
39
87
12
62
26
35
76
99
43
40
5
61
93
75
24
78
16
37
35
34
31
8
92
100
93
36
60
95
95
30
83
12
35
94
2
32
18
45
62
81
67
41
67
39
94
43
9
91
1
69
34
11
17
61
100
84
55
24
20
15
15
61
79
54
48
9
5
60
98
59
65
57
73
18
61
68
37
100
38
63
44
76
12
62
89
87
39
99
28
66
23
28
46
5
22
74
93
34
83
23
80
42
21
59
34
2
18
94
50
44
2
36
38
94
41
52
78
74
12
54
40
3
49
99
33
5
97
60
73
2
30
76
24
73
3
1
81
100
67
55
89
68
99
80
72
56
91
25
38
59
87
72
37
2
60
69
33
92
63
79
19
16
30
8
58
34
97
71
32
1
21
78
21
6
36
76
37
55
59
15
25
19
54
53
76
99
60
31
93
86
38
6
42
96
30
39
57
70
94
55
38
37
97
100
89
64
77
6
55
66
98
41
66
57
97
52
45
5
48
16
25
86
7
30
39
16
48
52
40
55
60
24
79
99
47
92
35
39
28
72
34
94
58
76
14
20
33
65
75
5
83
3
45
10
26
16
32
78
61
44
13
3
14
7
98
58
76
24
81
7
48
84
37
20
20
29
48
52
72
12
47
1
68
81
49
86
33
26
72
21
70
66
30
76
72
1
68
26
1
29
60
24
94
76
98
47
95
99
12
16
8
35
8
65
57
16
18
60
71
13
14
2
17
41
1
5
37
83
30
37
56
4
59
52
39
97
63
17
45
11
55
64
44
6
52
25
35
45
61
49
84
94
77
1
37
22
91
49
83
65
33
9
88
36
76
21
70
64
26
54
47
1
23
30
51
84
22
38
59
24
55
99
59
55
45
57
31
74
18
93
4
98
40
55
44
31
7
6
40
51
66
18
16
19
100
94
51
14
69
18
2
22
42
67
64
41
70
57
44
94
3
26
22
28
25
34
82
87
32
42
44
15
25
71
76
52
25
48
20
13
80
25
28
45
19
14
63
79
66
9
87
7
59
44
62
99
89
1
24
65
79
12
100
83
14
35
96
81
30
48
83
70
46
15
9
25
36
53
74
96
30
88
99
40
29
89
44
6
80
11
81
74
64
29
21
2
91
65
21
22
85
22
35
79
65
13
56
75
32
77
68
69
40
100
42
62
58
81
16
20
47
81
98
82
40
12
14
2
75
66
7
100
75
20
75
61
43
81
21
75
37
94
15
62
46
76
75
68
20
34
40
71
39
80
40
13
57
16
10
15
7
57
39
79
96
24
86
58
47
35
27
7
44
91
37
50
16
27
9
12
73
26
20
11
29
89
2
84
86
8
18
26
95
70
63
32
74
61
35
86
56
72
23
91
9
28
55
90
69
59
78
64
69
90
51
94
76
39
32
79
43
32
90
62
22
1
61
83
59
97
31
26
46
61
48
100
