100
5000
89
37
52
69
54
100
17
32
74
71
38
85
81
30
14
74
29
10
56
7
75
40
81
47
73
15
91
69
3
52
18
18
83
57
88
12
43
11
45
85
84
33
40
53
58
48
41
10
2
66
61
72
89
1
87
52
67
61
30
97
15
86
70
82
96
25
83
43
71
65
72
10
77
53
30
76
59
15
33
95
64
85
51
4
24
83
99
60
2
21
90
78
90
71
17
25
12
1
36
60
89
2
16
44
92
87
17
99
86
89
17
33
88
59
90
42
34
29
38
21
3
57
9
35
16
68
35
26
41
44
37
8
98
37
55
57
98
15
82
74
44
99
2
33
32
14
85
27
85
54
76
20
42
62
83
37
75
85
26
58
32
25
38
84
4
46
12
37
76
41
5
100
69
10
91
51
66
42
57
25
17
81
59
4
61
3
41
29
17
8
52
19
65
76
91
68
36
66
96
96
90
22
28
25
96
83
59
67
87
11
83
85
69
88
61
22
16
3
18
24
38
78
5
28
42
21
96
38
39
45
77
97
40
43
50
33
2
16
56
22
38
58
42
42
56
56
9
9
47
30
41
44
42
71
75
45
86
45
98
96
67
5
48
55
94
41
15
46
3
24
52
95
44
84
79
89
78
36
33
75
2
13
63
21
31
12
19
7
34
45
9
5
97
27
91
77
34
62
22
5
25
24
59
60
22
99
80
13
55
88
11
27
99
18
51
68
17
33
31
82
33
22
76
3
13
36
19
24
62
21
32
70
1
4
27
44
65
79
65
80
18
47
33
1
24
43
63
26
65
94
26
50
9
40
100
15
24
37
58
6
49
65
8
9
10
68
31
49
46
71
60
19
32
39
95
20
79
84
35
36
93
28
2
15
27
9
45
41
79
40
20
54
67
61
11
62
100
89
6
54
7
88
67
87
51
76
30
86
1
97
44
6
10
10
57
47
99
11
21
96
21
43
80
69
52
52
85
95
98
53
87
92
14
35
77
30
44
16
18
93
89
1
44
78
72
95
30
44
14
12
2
43
28
9
47
81
91
88
66
95
25
54
34
2
58
5
41
34
11
44
22
100
20
19
39
61
34
2
5
8
66
47
61
15
58
24
27
99
10
16
77
41
90
39
10
53
20
59
66
38
96
46
34
67
7
95
20
1
92
71
86
71
54
53
53
61
79
23
15
77
76
35
47
72
89
58
89
29
46
12
99
15
33
15
68
68
19
65
42
65
2
6
23
6
67
57
48
93
71
99
59
100
12
7
37
51
56
59
17
99
24
5
64
19
21
95
40
26
71
23
84
60
66
40
49
56
11
73
94
96
96
67
12
86
59
51
88
8
21
2
48
38
17
4
26
20
23
57
96
63
84
81
28
63
50
29
44
11
87
30
8
77
43
8
1
41
51
79
22
30
8
62
41
4
78
88
86
12
56
8
63
82
14
87
53
48
33
28
1
50
13
17
36
88
15
64
22
68
34
29
72
27
68
29
18
33
90
62
34
64
42
30
80
81
85
18
29
55
4
73
88
19
48
47
5
6
41
29
34
36
8
75
20
86
75
73
16
24
92
76
70
80
78
67
52
35
59
15
91
10
57
4
68
40
15
26
34
25
63
6
69
62
62
27
81
100
50
39
59
56
26
15
23
83
13
37
51
87
83
73
25
89
85
47
43
60
49
69
61
93
40
25
3
13
53
29
54
15
10
71
92
43
57
13
5
17
18
89
21
25
53
85
55
64
40
46
55
24
84
94
80
19
10
37
60
57
78
4
25
44
20
40
17
71
65
58
14
48
8
25
71
62
31
56
26
30
85
42
68
66
35
56
63
5
48
38
12
21
11
41
49
72
68
31
98
30
19
93
73
32
77
67
62
73
29
58
44
81
91
13
38
91
35
56
3
99
4
44
13
51
63
5
5
23
73
11
2
85
79
70
98
77
59
49
70
40
86
41
98
29
67
23
48
38
23
19
67
76
38
72
74
86
42
77
89
83
83
35
12
29
23
98
3
65
31
94
48
6
66
35
58
95
67
18
85
46
45
42
74
47
88
33
4
82
55
57
28
99
6
56
88
98
84
25
10
77
43
5
80
59
67
90
30
37
64
70
88
1
29
85
25
8
7
90
42
17
5
41
85
53
25
84
6
62
91
30
48
64
56
43
65
7
93
27
90
25
53
69
18
100
39
73
5
96
48
47
34
19
24
24
71
32
22
72
76
92
10
27
10
93
50
76
49
18
75
54
67
31
24
70
61
68
53
2
21
92
68
39
80
73
79
71
11
23
38
20
21
22
88
29
5
41
17
86
90
54
10
55
50
81
37
4
72
95
40
70
94
84
95
11
62
94
58
81
68
18
27
31
29
54
28
90
24
34
96
92
50
97
94
54
87
84
95
97
46
70
85
27
79
15
12
22
92
53
33
38
51
9
22
21
53
69
50
78
59
100
14
20
24
20
23
10
97
49
51
94
64
68
65
17
94
68
86
14
84
20
6
32
70
77
80
12
75
77
56
13
15
7
40
8
85
34
64
17
21
83
65
84
87
26
89
15
15
99
13
39
99
10
64
60
31
19
81
2
84
19
85
55
72
37
46
41
96
98
5
49
12
10
37
89
67
6
45
72
71
6
56
47
13
16
89
52
79
52
69
76
48
86
7
91
21
96
37
18
76
25
80
64
96
5
72
1
9
40
19
55
90
73
91
34
6
74
43
68
50
100
81
16
100
91
12
78
20
70
31
29
43
55
28
81
59
12
49
21
74
32
89
14
16
61
93
5
29
99
2
76
26
58
37
55
28
97
60
81
23
55
9
87
26
47
78
62
80
97
1
57
57
98
85
100
33
80
94
58
84
96
6
96
25
100
28
7
39
86
30
85
71
75
69
86
99
35
99
64
91
72
80
88
89
88
96
82
52
5
38
8
93
23
25
58
26
78
92
76
38
46
73
58
92
17
80
2
15
73
98
45
97
64
10
8
54
98
92
20
89
91
65
89
28
92
60
31
7
80
9
4
13
95
88
93
90
3
73
97
91
66
82
10
96
34
17
38
34
90
43
58
43
78
44
76
36
76
97
11
57
38
19
38
41
61
27
18
75
43
44
34
2
41
18
81
99
69
21
39
44
89
96
28
82
25
92
58
62
38
66
25
48
87
94
10
50
4
84
22
24
7
47
92
88
94
16
15
53
18
97
61
22
86
70
62
9
93
50
34
94
95
16
95
72
40
48
13
77
46
89
59
10
22
96
50
98
88
86
2
26
23
60
73
90
69
63
12
96
75
15
15
76
12
15
44
73
4
14
64
88
99
84
46
65
16
37
84
26
14
80
38
45
48
36
33
35
9
74
55
38
7
78
25
66
18
82
17
51
74
64
13
8
38
71
29
82
6
48
43
69
28
95
13
69
1
97
33
85
94
81
4
72
100
68
27
92
21
54
18
5
36
58
54
1
39
78
70
56
51
84
42
69
37
41
59
28
78
29
4
15
40
81
6
23
85
16
59
5
70
34
20
23
75
76
42
23
57
99
2
94
23
34
88
36
60
18
64
85
88
29
25
98
35
11
10
45
2
52
83
68
82
86
13
69
92
94
21
28
58
69
44
5
28
9
15
73
87
43
24
85
41
94
81
43
44
14
52
76
57
94
77
77
58
38
30
3
3
43
49
22
23
11
96
98
95
96
72
43
1
52
76
100
51
67
92
37
85
15
36
67
50
38
94
36
56
73
93
66
11
69
90
24
75
65
74
62
56
29
98
17
16
19
80
64
30
76
69
87
18
22
93
6
8
38
43
87
48
73
41
69
26
17
46
71
35
38
48
52
22
40
55
63
90
84
85
14
63
6
74
72
9
28
44
45
82
57
89
71
51
7
42
38
80
64
78
7
8
97
62
62
11
69
71
30
27
92
65
88
17
60
59
27
99
35
54
12
33
24
65
61
45
14
78
85
4
53
47
18
78
64
88
99
20
70
79
96
90
37
14
66
9
41
52
77
67
45
7
7
99
53
74
73
93
14
23
94
33
43
93
59
60
43
15
7
39
85
95
71
100
36
66
10
98
83
15
1
2
25
82
63
40
38
63
6
69
69
32
64
24
37
10
96
11
53
69
67
57
98
79
58
28
65
25
74
22
20
57
74
72
20
29
78
52
13
71
87
25
86
85
73
84
69
72
79
74
32
61
81
13
92
71
30
82
90
71
81
62
82
76
24
89
75
62
1
60
11
96
24
27
7
81
56
85
70
24
29
56
2
4
40
21
30
79
44
34
85
43
86
55
75
15
36
100
21
93
67
67
54
29
41
77
99
40
63
77
27
85
35
52
45
39
74
51
44
85
43
72
2
75
74
67
81
33
1
55
83
31
20
9
77
61
1
62
55
59
8
6
23
53
38
47
88
77
23
26
6
3
43
75
44
79
7
17
31
66
48
28
22
65
31
54
6
29
85
48
79
37
31
58
2
3
89
94
42
20
82
45
90
84
10
40
48
12
17
34
57
37
72
72
7
36
44
75
48
31
38
94
82
64
85
84
21
92
67
3
65
31
60
3
80
24
45
18
67
46
95
11
59
47
4
36
36
18
44
26
45
87
23
62
49
77
7
49
10
27
52
53
8
28
33
23
58
13
6
35
23
53
74
39
48
87
47
64
57
31
40
46
95
83
93
70
23
98
32
41
94
78
28
27
18
40
93
9
79
44
83
61
16
35
49
90
69
40
33
46
80
23
76
53
99
78
55
35
77
23
11
7
69
13
55
63
68
97
41
28
94
32
14
47
10
72
41
49
70
79
23
95
57
13
94
22
12
96
39
53
14
57
2
29
51
26
83
29
70
26
24
37
79
37
19
66
34
69
15
82
51
34
83
35
56
57
66
52
83
25
74
34
87
26
63
69
88
30
97
72
75
56
58
82
27
76
14
38
34
12
58
5
41
74
40
80
87
37
25
79
23
68
70
95
71
49
85
48
97
72
62
5
27
47
10
66
34
100
1
53
74
2
95
8
70
29
36
7
62
75
91
23
47
44
42
78
48
86
29
88
55
2
6
46
5
25
15
100
12
86
6
9
60
52
31
72
30
76
4
21
68
36
31
34
37
76
16
23
55
89
27
34
24
95
20
89
69
84
94
59
35
56
2
2
77
87
79
29
90
75
68
47
95
13
39
26
64
99
82
99
90
98
89
61
47
63
77
92
65
42
99
73
74
65
22
78
74
63
33
32
97
33
81
66
90
64
36
40
47
71
74
23
63
3
82
87
28
23
65
4
2
88
58
33
5
71
3
63
32
14
3
65
97
45
11
10
72
38
15
9
47
58
11
44
86
78
66
16
60
23
98
92
28
62
57
5
97
85
26
33
27
45
82
12
58
47
20
24
24
41
95
28
7
36
21
65
2
93
63
66
18
94
98
9
83
87
7
82
26
13
9
51
14
4
57
33
7
24
42
60
83
3
72
17
10
65
61
48
77
100
13
73
95
12
2
99
43
99
87
66
39
56
29
18
31
50
26
57
61
54
31
35
64
42
44
21
27
31
3
62
30
32
83
62
56
65
48
17
52
42
46
28
67
35
37
99
77
48
86
33
43
11
58
49
12
77
34
81
42
92
9
2
90
46
50
66
72
39
99
57
45
18
41
73
19
6
11
54
65
6
41
38
72
33
91
58
86
79
26
90
12
87
81
15
55
97
35
71
91
18
35
40
67
20
73
66
68
43
84
99
23
73
12
83
95
97
11
86
38
44
39
7
35
12
76
71
16
17
48
16
83
48
76
29
72
54
93
70
31
35
27
10
67
13
8
9
1
15
30
65
19
41
77
79
7
30
99
41
20
74
99
83
65
98
94
4
28
52
41
32
46
92
38
5
36
14
83
92
46
75
9
16
45
26
66
8
100
14
100
66
59
96
10
11
84
59
51
45
71
40
39
95
1
79
26
88
51
33
79
85
94
42
36
12
69
73
49
68
47
94
3
99
39
70
57
37
7
10
44
51
31
32
44
96
74
73
70
85
92
61
91
22
29
93
6
32
8
92
61
20
44
94
4
97
61
81
25
52
5
24
7
67
24
61
9
71
45
11
91
69
73
88
46
58
16
7
78
50
47
96
46
41
80
20
60
4
44
91
20
52
12
42
88
95
6
59
20
63
3
82
75
62
64
98
10
88
91
72
53
73
32
91
50
82
81
51
84
52
18
91
41
31
40
43
27
72
37
11
44
34
83
50
55
63
58
45
33
42
29
89
94
93
33
94
9
62
52
20
53
43
61
63
47
91
29
30
94
16
18
38
41
28
32
23
91
30
88
45
11
93
31
5
1
20
78
67
16
5
33
85
16
71
69
59
75
69
22
67
92
28
44
6
100
87
22
16
36
50
67
23
81
70
57
90
62
23
84
81
58
73
97
6
81
9
54
89
72
57
67
37
74
43
94
96
23
85
69
5
59
62
91
20
92
28
66
57
54
2
36
53
32
75
54
14
30
85
37
86
68
24
48
7
42
3
47
76
41
27
93
74
15
46
59
92
11
54
63
45
14
84
52
48
6
58
36
19
24
50
31
15
24
66
4
19
48
25
3
33
72
30
61
85
94
40
74
69
88
99
54
51
96
40
76
69
32
91
63
49
96
14
38
85
45
84
36
75
12
91
76
54
72
13
63
86
80
43
75
31
57
39
89
68
64
12
90
11
92
50
68
8
6
43
59
30
97
48
81
17
8
78
52
4
27
96
69
96
68
43
18
40
19
23
24
95
35
30
15
2
47
14
67
83
80
19
45
5
97
47
86
77
33
65
39
76
8
92
8
34
78
41
38
3
100
37
25
60
7
70
63
93
54
56
93
85
17
78
8
13
100
67
99
98
83
50
61
65
82
91
3
66
18
31
69
16
10
36
12
58
95
37
74
40
21
58
51
61
61
48
86
2
70
67
4
10
28
89
27
62
82
100
83
22
85
56
50
3
64
77
54
29
88
16
36
89
50
52
74
28
26
21
75
48
10
22
96
83
83
28
3
12
96
8
92
99
16
86
48
37
71
32
25
24
97
8
14
91
58
98
20
1
42
13
84
59
94
50
37
60
12
66
14
87
18
16
29
55
85
60
41
48
7
39
93
33
96
91
67
84
57
27
59
14
45
94
70
35
20
34
35
33
5
82
70
13
98
93
100
37
45
18
49
94
1
9
26
38
88
94
93
98
86
22
3
93
37
77
79
89
98
90
90
93
74
65
5
59
84
54
32
18
75
54
41
44
52
21
67
3
82
17
59
91
19
100
65
35
74
91
26
81
17
80
95
70
7
70
47
22
76
24
47
81
59
48
34
68
5
74
90
43
5
41
39
48
39
59
36
30
9
52
4
17
50
61
94
64
36
63
57
12
28
78
53
88
49
99
94
4
66
74
56
4
39
58
30
91
99
6
67
17
34
79
24
40
49
18
64
30
59
54
9
85
47
58
12
28
6
29
73
54
3
5
12
46
91
88
68
10
45
80
35
19
76
87
74
15
30
44
12
98
25
28
84
62
30
45
70
72
46
88
80
60
39
1
31
85
50
8
85
81
2
50
93
17
24
51
12
53
81
31
55
31
88
47
6
91
8
76
54
46
13
47
1
69
30
46
15
20
46
75
16
48
32
43
61
6
55
100
82
53
27
64
93
92
17
91
74
94
29
10
9
75
49
70
70
74
31
71
69
96
87
57
29
83
95
7
25
6
86
57
94
51
42
48
36
57
73
50
38
55
22
18
56
3
96
61
55
100
95
88
3
50
4
9
67
56
81
17
4
71
8
11
37
40
19
61
48
39
42
26
99
89
63
44
69
70
60
76
48
89
69
94
28
93
62
39
99
4
88
64
68
14
66
63
100
35
81
21
41
52
97
79
93
78
42
96
86
69
67
54
34
39
14
64
72
93
23
77
33
79
3
32
13
23
83
96
27
34
72
27
94
7
60
78
43
36
36
47
98
53
75
3
15
11
11
30
61
81
86
29
14
11
77
81
99
11
84
85
9
8
17
44
67
36
28
80
80
77
72
90
38
67
50
76
93
54
34
19
48
77
46
65
22
54
17
95
37
29
57
61
21
24
89
23
13
4
79
22
60
57
50
83
56
41
28
72
57
97
14
90
48
96
78
31
11
12
29
47
90
60
87
87
18
61
26
33
61
4
3
49
33
70
89
11
90
4
51
28
94
83
1
74
86
60
75
96
87
89
90
71
1
74
16
41
24
47
11
45
95
65
15
17
42
15
64
23
16
23
55
54
77
32
51
54
66
84
41
12
45
61
42
15
62
24
27
33
6
66
46
29
92
87
5
82
18
53
23
65
5
100
87
59
15
29
62
50
41
25
92
23
96
77
28
62
37
54
34
84
5
53
68
42
59
91
33
11
94
6
21
90
82
78
90
3
73
83
32
15
48
36
90
1
27
52
5
12
52
89
12
71
27
21
79
31
67
66
2
15
26
56
46
22
64
96
13
3
7
61
21
50
50
69
16
52
54
85
24
58
17
4
11
90
50
61
79
9
95
41
66
33
84
83
58
63
27
9
1
6
22
4
99
71
87
52
78
47
12
89
4
13
65
8
21
25
80
24
80
3
39
22
1
100
56
42
80
35
53
7
40
35
8
46
54
87
34
12
83
41
56
11
77
50
63
2
57
19
89
60
61
11
68
100
53
29
45
72
46
41
20
49
42
31
19
2
51
34
80
96
89
48
8
89
17
58
89
9
66
12
74
44
22
53
78
100
45
13
54
33
54
20
85
88
21
67
12
55
43
82
62
20
80
93
17
33
78
44
54
53
25
59
96
61
70
99
10
11
76
91
75
90
55
45
66
48
89
67
88
4
81
31
54
33
35
11
49
18
87
54
27
76
18
55
28
14
22
22
74
31
30
45
3
24
62
12
99
36
17
6
87
48
18
20
23
85
48
49
70
97
68
40
39
13
53
68
51
16
91
91
89
77
52
10
69
86
88
86
88
2
24
5
60
88
66
99
75
55
93
18
90
31
89
70
54
10
7
21
55
34
34
41
54
6
16
80
13
30
32
21
94
69
47
92
22
19
78
21
68
42
90
71
94
63
94
99
4
43
38
19
40
95
8
61
26
40
32
57
97
47
45
60
25
86
44
46
4
83
39
80
14
37
94
67
29
1
36
85
86
64
56
10
49
94
43
56
91
8
83
84
17
71
57
53
25
13
95
46
24
83
80
47
93
55
55
52
10
73
93
70
60
74
51
80
74
35
17
39
67
88
30
92
83
29
51
77
77
41
7
41
60
24
27
12
4
54
60
20
20
95
93
70
3
67
8
63
30
13
29
6
3
33
87
97
36
75
100
31
96
96
29
46
45
65
76
22
26
80
29
35
17
16
80
51
34
47
30
80
94
78
45
41
22
8
42
15
65
84
55
27
93
73
71
14
16
69
86
32
6
6
36
40
29
36
51
85
4
89
51
78
76
44
41
35
71
67
11
46
76
59
22
16
66
23
76
89
39
26
14
16
35
73
35
20
47
5
24
54
89
95
97
98
79
23
85
45
82
61
7
92
88
19
13
20
57
1
39
73
60
47
80
75
71
85
12
45
9
91
96
15
47
47
63
54
92
7
94
48
69
49
63
70
3
93
27
71
70
9
83
98
66
89
74
73
99
29
64
3
55
19
14
2
71
50
28
66
64
52
88
76
36
50
97
51
91
16
35
96
21
73
62
95
7
12
30
92
13
48
82
84
32
55
39
27
22
65
100
91
52
26
51
26
51
3
52
91
69
64
20
85
74
47
99
51
45
39
42
19
85
27
9
24
26
94
41
97
89
26
17
37
47
82
21
44
15
75
68
36
2
55
25
35
19
97
41
25
25
67
42
4
87
48
3
28
36
17
61
18
68
77
97
39
47
34
89
80
8
76
14
66
47
28
71
55
74
15
11
4
24
5
26
61
55
87
69
10
46
38
24
14
42
76
72
88
23
23
64
51
31
13
25
75
40
13
23
74
72
45
57
76
96
69
44
2
5
7
91
22
5
76
17
14
70
57
8
10
12
44
90
95
37
41
70
6
14
17
28
79
21
88
11
49
69
86
33
85
23
3
94
49
25
16
88
49
65
27
21
32
64
91
21
42
36
10
12
17
8
77
59
82
76
2
57
2
44
89
2
80
61
28
69
13
12
38
11
36
41
79
7
97
8
20
60
69
15
25
61
44
33
30
95
97
7
79
24
64
55
74
72
95
50
66
85
64
12
99
36
56
13
39
52
2
74
7
7
67
69
41
76
35
91
88
86
56
44
88
37
36
45
17
67
17
28
73
38
74
1
81
51
77
46
49
43
72
6
15
20
15
23
27
50
29
81
75
88
52
40
25
23
90
58
86
25
78
25
94
35
52
3
8
51
84
40
15
3
84
82
76
89
2
35
30
17
16
19
22
92
59
76
12
91
44
51
93
10
21
10
1
70
99
80
21
68
6
63
93
68
13
75
3
84
11
65
2
89
74
99
59
5
89
13
37
48
59
83
16
88
45
17
33
65
72
100
86
40
81
65
53
19
73
56
33
95
20
60
51
51
42
36
66
48
35
51
53
86
46
63
93
21
62
23
34
27
92
21
43
23
23
3
74
100
38
1
26
91
92
43
72
10
99
20
100
10
36
91
34
20
24
13
64
64
88
8
27
8
83
5
33
17
82
49
3
8
88
82
8
15
11
19
38
31
69
35
34
92
99
73
80
96
52
11
73
94
21
12
43
29
23
55
29
89
62
29
95
46
46
86
74
46
92
29
26
79
39
100
69
46
49
34
48
37
12
83
86
92
51
50
10
90
22
58
97
80
26
75
70
48
31
54
52
77
61
19
38
38
73
81
21
84
75
2
2
69
46
64
12
52
17
36
66
32
35
52
57
53
58
51
60
57
76
22
45
54
56
28
53
25
29
32
13
16
38
9
63
51
63
39
41
4
78
32
27
71
60
57
97
57
100
68
80
4
1
78
31
28
72
12
57
20
21
81
51
88
75
33
60
60
81
1
33
78
53
31
4
49
35
6
79
34
76
25
2
48
86
94
20
75
72
40
89
68
77
12
68
63
82
15
65
45
2
98
86
14
59
1
73
64
41
51
7
23
63
93
37
41
59
66
85
67
30
80
45
61
55
35
74
3
29
47
91
1
64
100
80
98
13
41
29
100
67
85
39
97
72
13
6
65
52
22
9
58
33
38
48
54
48
18
78
5
84
6
76
40
14
4
68
89
50
67
94
80
86
67
11
4
89
4
20
62
17
93
16
23
69
56
24
4
36
33
20
52
38
15
84
33
14
69
78
42
2
22
68
84
98
96
12
75
49
66
72
54
16
