100
5000
24
84
79
29
4
33
25
91
5
79
74
1
67
33
51
4
61
39
9
37
17
14
25
56
50
83
69
45
7
17
37
68
5
15
11
19
39
46
51
87
61
40
46
54
36
2
25
64
51
28
37
10
3
79
32
58
11
32
89
97
41
3
11
20
46
78
97
10
53
18
43
41
46
95
53
68
60
2
49
99
5
19
80
19
43
75
100
62
84
10
73
65
3
11
26
93
50
59
17
97
17
28
88
47
95
55
34
59
100
39
98
15
33
93
82
87
96
49
100
57
14
44
17
47
53
20
92
72
14
64
82
50
54
49
66
48
45
96
40
63
8
22
33
31
92
59
84
15
4
9
3
71
54
8
83
27
39
69
92
39
12
38
47
92
52
96
97
76
65
3
76
44
22
88
93
25
99
33
50
33
97
60
47
2
64
31
51
74
6
43
58
55
28
37
46
55
93
51
87
42
32
37
87
60
76
60
45
57
3
34
82
48
44
82
22
3
53
98
72
87
48
98
26
16
47
56
84
98
96
60
84
80
66
8
12
24
2
33
36
90
61
58
24
18
44
78
17
55
90
30
7
58
71
58
17
4
9
4
50
17
63
34
42
92
94
70
4
49
94
61
28
66
70
11
37
61
29
72
21
17
85
91
7
37
5
18
17
73
81
27
41
85
64
21
100
54
30
48
49
45
62
88
1
16
43
39
66
11
83
73
97
99
53
2
66
87
6
20
22
22
36
58
40
85
73
58
55
75
49
65
66
4
11
91
41
81
100
69
37
20
93
67
2
84
5
77
28
21
32
28
38
77
91
14
50
6
34
57
100
51
29
68
89
27
27
90
41
79
76
92
74
83
40
67
67
28
64
56
96
32
32
84
8
91
73
89
45
61
36
97
85
23
3
72
4
62
6
41
30
29
71
14
39
83
64
10
15
77
87
18
43
80
29
5
62
93
59
23
100
48
100
98
44
69
77
81
28
21
18
59
22
66
45
36
32
69
27
38
98
26
69
97
13
81
100
98
93
79
61
97
75
79
37
96
67
47
8
79
87
32
16
8
37
95
52
71
12
88
86
17
20
12
85
22
84
62
44
88
34
82
20
100
80
53
55
64
51
10
61
71
83
51
80
89
30
30
51
76
79
10
22
36
39
48
87
61
58
82
81
8
73
79
98
39
71
58
95
63
53
3
1
95
5
17
73
51
31
43
59
72
66
13
61
26
56
92
21
25
55
81
98
68
70
69
35
70
43
1
11
10
80
15
24
86
37
92
64
64
20
92
60
36
1
98
73
78
21
40
36
97
85
23
21
43
25
60
74
49
77
15
16
89
20
83
46
29
82
55
17
7
31
14
1
85
44
56
89
55
48
82
28
18
25
25
16
34
45
73
34
3
69
2
77
27
41
48
5
13
22
69
15
7
61
15
86
86
54
39
14
76
46
73
39
99
93
40
91
11
29
94
94
40
29
4
92
7
64
50
98
47
31
26
31
84
69
68
99
87
85
96
42
36
29
98
47
68
75
13
17
77
82
51
14
48
72
72
36
40
61
9
40
52
71
70
92
97
88
8
73
69
8
96
87
16
42
60
62
82
86
19
1
23
72
78
9
87
28
86
73
67
10
82
18
22
70
15
77
1
29
48
55
18
46
9
64
8
14
83
59
60
58
60
65
65
14
93
80
16
12
75
47
62
66
86
19
96
94
55
35
22
51
97
93
8
60
85
21
98
62
42
68
84
40
41
25
7
48
56
45
60
48
42
14
15
86
51
46
2
27
38
80
62
42
5
28
99
27
42
48
96
7
37
38
27
61
1
27
51
26
45
97
77
20
94
37
2
51
56
42
64
66
60
45
9
1
20
62
58
86
91
13
23
38
16
58
58
63
18
26
68
54
24
55
46
85
92
10
46
42
21
66
35
72
98
74
2
60
4
87
94
82
15
44
8
61
55
69
99
75
45
38
56
63
12
46
66
84
3
31
21
23
76
67
88
57
37
63
79
48
96
2
8
24
48
38
77
60
50
94
49
56
37
45
43
80
44
99
61
24
11
18
17
39
24
14
95
45
10
95
33
71
62
70
46
26
85
54
17
67
12
65
82
49
33
100
75
59
74
28
100
57
30
16
25
86
47
56
84
36
78
86
33
34
19
62
16
28
21
90
51
98
12
31
2
88
30
14
34
30
27
21
83
14
33
68
77
57
15
19
80
77
66
12
42
55
37
63
6
45
59
44
19
39
7
64
20
53
41
71
71
2
34
74
5
96
22
80
34
15
41
19
94
28
44
88
17
51
82
54
89
84
49
74
29
91
79
35
36
8
22
32
27
17
63
76
7
33
13
44
90
84
54
86
25
51
83
80
21
55
38
79
5
61
6
94
57
41
2
63
63
27
11
60
31
48
51
33
89
62
21
10
49
82
12
93
83
36
1
3
85
88
46
33
67
19
100
32
89
53
7
73
73
9
35
41
74
48
16
99
45
43
90
52
74
97
83
45
62
13
38
31
47
82
66
84
19
96
8
5
48
98
97
55
47
92
83
2
21
60
36
92
52
53
24
49
87
11
58
84
55
49
85
38
66
76
69
30
79
28
35
55
81
13
77
28
57
26
83
59
46
94
93
19
16
70
56
54
41
50
70
86
74
36
27
32
83
90
37
83
9
56
3
88
24
25
88
44
48
21
31
61
66
42
83
71
57
4
27
92
25
56
83
48
16
48
89
57
67
99
26
16
69
95
100
66
94
54
16
31
72
88
73
65
60
13
31
89
24
30
78
82
12
84
76
34
1
25
98
26
72
26
5
80
48
51
46
27
53
83
49
58
94
77
39
83
9
11
54
17
85
22
96
68
93
93
52
15
39
19
77
18
24
35
100
40
87
97
18
38
37
50
22
86
82
37
50
8
1
76
86
64
36
1
56
26
78
89
52
86
26
49
73
60
76
69
62
62
65
51
82
3
98
60
96
27
8
33
91
63
44
65
99
76
69
7
46
9
94
91
30
90
44
79
28
90
44
71
59
34
91
55
2
31
96
16
70
15
98
48
82
76
3
54
38
41
47
67
30
74
58
1
46
25
72
55
49
90
18
83
98
13
36
75
33
35
64
12
28
1
25
38
51
15
49
70
96
49
95
15
8
34
35
34
42
87
98
82
36
37
100
28
56
43
84
90
22
1
65
17
19
45
97
6
37
33
57
81
43
54
33
56
96
72
22
6
63
2
44
77
11
3
66
46
92
86
81
60
99
57
34
72
14
60
90
50
9
99
97
29
11
66
79
93
79
19
54
16
8
18
39
88
69
1
26
32
24
13
84
63
39
32
53
2
23
98
11
15
77
14
27
24
41
85
78
37
89
29
43
94
17
24
63
56
90
27
35
74
56
98
82
99
74
98
58
89
10
76
30
92
39
32
42
83
97
7
64
34
17
88
62
92
80
40
70
26
45
36
27
8
87
66
7
48
90
93
18
26
84
62
57
24
80
51
2
59
85
24
57
27
86
37
42
33
77
68
53
82
90
94
25
43
66
85
26
7
9
8
41
59
35
49
62
34
15
81
53
61
23
84
69
23
87
26
18
96
37
19
17
57
99
60
51
67
49
97
46
48
55
32
14
48
15
51
55
61
89
13
7
24
26
12
68
31
9
97
79
9
41
20
26
92
36
7
41
59
11
29
88
47
13
13
2
66
27
23
85
35
83
28
98
31
99
53
38
52
14
45
97
22
51
83
96
65
2
30
49
25
11
42
48
24
48
4
92
1
34
37
72
67
8
7
96
93
5
29
97
79
88
74
66
82
95
46
14
9
88
61
5
14
77
83
85
9
39
97
69
34
85
22
80
71
77
52
51
8
86
22
21
57
89
32
84
60
63
65
61
100
99
18
35
83
27
69
66
32
51
32
23
96
22
71
8
72
64
47
39
79
71
4
77
26
52
54
73
30
67
70
84
18
88
73
96
27
33
100
37
34
43
33
34
78
69
32
21
92
22
13
37
17
36
59
8
27
56
100
93
16
57
39
95
24
62
90
9
5
36
7
18
34
21
66
44
63
10
15
59
59
30
90
46
73
14
96
71
85
70
60
17
35
54
53
68
34
43
55
95
13
1
96
20
56
52
75
96
7
10
71
81
64
29
93
24
98
82
27
83
65
73
36
6
10
27
95
54
33
32
9
29
88
25
87
2
54
5
54
1
73
20
34
40
44
36
68
43
93
16
94
91
19
39
96
79
5
62
61
49
69
42
11
71
98
63
72
85
67
2
43
80
63
42
76
42
14
31
60
33
45
46
6
74
6
98
31
68
26
43
43
43
56
95
85
97
49
12
14
81
60
86
84
35
16
44
78
57
29
95
96
55
96
88
35
94
38
79
73
87
91
92
1
6
36
40
8
57
47
71
93
58
56
4
67
99
98
55
87
97
19
98
29
33
73
25
16
55
65
8
98
36
5
86
29
27
25
6
78
7
54
60
3
58
49
42
44
8
60
50
25
13
95
4
91
67
72
11
48
55
16
13
7
89
29
86
45
66
64
83
82
34
35
70
94
53
1
1
98
38
63
12
95
89
74
27
59
39
3
62
62
66
75
3
69
24
33
21
20
42
15
6
11
96
48
20
12
79
56
62
79
20
94
73
57
63
83
9
66
30
35
75
52
88
65
22
77
65
35
96
20
54
53
68
3
5
91
44
9
65
82
75
32
44
78
27
92
2
46
66
70
65
19
30
21
85
73
39
75
42
19
96
20
39
9
6
5
80
53
30
41
76
70
39
26
51
28
19
70
27
89
100
6
74
61
38
89
54
27
56
4
5
86
71
70
89
66
36
83
70
25
49
47
87
93
46
83
46
1
6
39
47
61
9
2
27
100
93
92
11
84
24
53
24
60
8
60
38
97
12
20
93
33
42
85
92
88
15
69
31
34
52
63
1
19
69
47
22
3
94
74
10
66
69
58
59
19
17
54
56
94
16
64
40
76
89
33
29
11
56
32
97
26
4
9
65
81
90
54
96
20
45
8
18
43
1
46
68
36
78
51
78
37
99
60
95
39
47
94
61
82
36
96
95
30
6
26
19
56
16
85
31
32
7
59
28
8
31
54
17
47
98
17
68
30
20
89
53
21
94
49
72
57
96
83
45
86
29
75
4
3
70
18
60
79
42
44
26
10
64
93
53
71
19
89
36
68
87
79
64
94
2
64
40
18
64
10
11
97
58
33
86
100
85
34
99
96
10
100
61
32
9
95
9
24
34
42
98
81
7
42
18
29
9
97
95
33
77
59
98
26
45
73
49
4
60
24
4
90
53
73
88
64
62
28
30
96
97
2
3
58
61
18
95
62
15
19
84
28
43
25
38
3
28
5
50
91
100
1
53
100
85
52
5
63
40
51
22
70
33
1
9
88
100
56
41
68
6
57
84
7
3
73
21
17
70
17
50
67
49
51
33
4
42
23
10
13
17
23
33
59
45
16
31
38
40
73
90
20
47
76
13
66
97
84
38
7
54
43
88
46
83
14
19
70
23
44
95
71
82
24
14
31
80
61
72
29
47
61
95
41
52
63
91
14
47
94
81
16
77
81
75
95
100
49
56
87
50
59
62
7
58
28
33
35
41
43
1
79
60
4
33
10
35
13
6
45
40
84
4
16
6
78
26
94
50
60
66
78
91
89
35
8
46
48
35
4
63
45
23
91
40
9
78
69
99
85
55
89
59
52
86
92
90
17
26
85
53
13
15
96
99
63
74
68
21
3
93
3
87
31
54
15
100
48
59
25
15
42
50
51
92
6
1
52
91
95
66
85
13
61
47
9
40
26
74
100
17
71
42
34
41
11
28
86
12
72
96
70
19
79
86
96
20
82
42
25
13
74
42
8
59
8
55
91
25
99
17
7
88
23
15
30
59
89
64
73
64
56
97
85
87
28
63
58
14
93
69
95
60
19
43
22
50
40
100
40
37
46
49
6
5
55
19
70
34
45
13
67
98
25
81
24
89
68
1
12
24
47
7
42
49
61
84
61
35
38
23
85
78
59
99
62
80
50
86
41
63
52
99
36
44
84
27
98
49
34
32
67
16
50
59
24
69
91
97
22
78
6
81
45
85
18
40
12
10
59
12
42
76
70
26
14
14
87
28
9
2
22
84
29
100
23
70
18
73
43
68
80
51
13
36
71
23
89
30
94
73
35
44
79
81
5
41
36
32
4
62
58
78
71
47
55
1
27
97
47
51
79
38
90
93
26
18
4
38
2
63
68
18
30
12
85
29
79
99
29
54
53
18
77
16
46
19
84
33
87
38
38
22
50
26
83
88
15
7
21
55
22
69
83
11
87
75
6
50
62
42
63
89
57
87
25
21
60
16
11
88
100
23
31
90
42
57
28
87
55
66
86
66
10
59
63
17
60
41
58
60
66
63
74
15
13
78
85
27
18
68
79
27
63
18
60
92
19
22
19
6
59
1
42
12
6
4
7
73
1
27
6
67
52
91
97
36
71
49
28
90
21
2
62
59
68
10
94
99
34
84
93
2
86
56
55
14
100
54
40
87
28
36
37
85
29
64
67
16
63
36
93
75
77
41
72
31
96
95
30
66
51
94
72
40
35
14
94
62
86
35
63
18
58
25
31
71
79
34
39
35
51
7
91
46
38
83
83
5
88
21
92
28
41
43
35
76
75
20
58
81
13
99
88
14
79
76
19
69
27
34
50
7
2
70
62
50
89
6
85
85
76
7
70
57
74
78
83
72
96
43
66
63
68
85
84
60
39
65
22
96
85
37
73
56
55
54
34
23
93
49
62
54
18
60
56
24
9
19
68
74
26
13
76
13
93
99
26
69
19
23
52
79
80
40
80
25
12
62
80
43
36
76
14
32
42
63
41
84
8
1
23
5
52
3
76
80
84
45
48
16
63
54
78
91
21
58
63
66
7
87
8
77
46
5
97
65
92
41
35
100
60
9
63
15
90
64
62
53
72
22
85
85
32
1
23
61
67
57
73
53
24
17
33
75
75
48
57
64
13
3
86
62
58
8
6
95
20
45
92
3
42
19
42
80
2
35
27
25
67
57
58
77
24
86
91
69
84
35
17
6
60
85
33
90
37
62
41
20
25
29
74
41
80
81
4
63
20
85
54
1
45
20
66
56
95
24
92
94
98
70
29
11
65
27
78
63
29
83
90
31
51
5
32
45
41
16
95
44
2
18
10
4
34
70
94
47
91
95
41
67
65
71
89
8
16
53
35
11
61
14
61
69
30
40
7
38
63
37
76
76
71
20
85
81
94
54
89
21
58
51
42
32
95
98
88
12
88
33
70
80
14
6
17
58
31
89
32
28
6
56
79
95
64
82
99
5
30
87
57
56
60
100
35
37
16
54
100
66
94
52
80
26
27
37
40
36
8
37
23
63
31
90
2
19
55
92
25
11
41
36
100
98
43
5
67
56
6
2
74
27
85
100
45
10
62
16
92
54
17
40
81
72
38
38
78
72
72
48
91
23
47
81
45
36
17
73
18
92
79
94
20
77
90
99
76
2
92
99
92
99
50
50
60
57
3
17
91
4
16
74
27
1
49
37
55
93
6
83
15
70
64
72
23
28
6
40
12
21
4
91
58
71
22
11
77
29
55
9
30
92
19
9
67
90
61
26
49
3
63
30
10
79
88
47
69
18
80
92
90
26
42
12
79
88
83
67
42
44
72
81
76
45
44
6
80
87
27
87
76
90
25
48
25
89
86
75
19
69
3
93
73
60
96
74
28
23
49
65
8
45
40
7
71
41
67
71
92
16
79
28
99
82
61
51
6
67
13
21
29
61
12
25
94
91
66
28
77
24
27
10
81
6
24
38
9
12
89
84
62
72
18
80
79
34
88
95
82
20
91
58
65
11
1
43
7
66
64
99
27
5
31
18
60
97
66
54
71
57
87
28
48
10
77
7
17
62
44
25
75
88
57
83
54
32
16
56
52
1
24
68
52
85
29
21
65
38
21
23
52
4
9
53
11
71
39
40
1
27
94
92
25
27
21
81
73
97
16
17
64
6
58
30
87
94
29
39
23
93
72
77
81
62
34
32
33
13
23
72
51
50
68
92
34
91
66
10
70
11
38
81
45
15
59
90
54
72
59
48
87
53
78
95
17
87
25
93
78
54
88
26
90
6
94
31
21
41
9
47
70
95
61
71
65
44
95
11
40
1
53
51
38
91
19
35
4
18
66
52
67
24
98
90
61
38
33
13
17
6
31
93
17
11
24
41
43
14
60
44
5
3
62
47
47
99
54
69
26
8
23
18
38
71
18
83
89
75
61
95
2
25
44
100
29
10
66
31
27
40
88
37
79
95
89
29
82
83
69
60
77
95
98
71
88
71
76
100
16
19
31
83
59
83
14
19
47
88
74
41
82
64
49
74
62
23
46
52
69
19
11
73
2
85
31
92
54
43
57
62
94
1
55
5
6
66
32
40
19
70
22
88
49
13
94
34
12
95
49
10
61
52
49
18
44
35
58
15
1
11
10
86
31
76
90
63
89
96
11
74
74
7
31
44
32
67
1
74
54
58
23
18
39
73
99
14
76
46
40
41
49
77
10
21
51
94
6
63
7
35
48
86
81
49
9
8
57
32
60
49
16
27
70
91
50
55
75
38
29
74
37
27
63
67
78
67
80
61
47
44
48
76
68
6
36
29
18
92
41
73
43
91
13
77
38
34
52
56
14
87
23
40
94
85
55
63
1
15
13
78
27
70
89
33
17
14
69
17
1
72
92
70
15
58
21
75
70
99
78
58
69
71
71
28
58
26
86
100
92
67
75
64
71
12
81
58
21
55
86
25
66
6
59
53
100
3
75
47
25
73
11
66
60
38
18
80
84
60
40
24
61
16
77
39
68
99
5
93
75
13
91
56
60
58
4
72
76
50
72
8
8
8
81
97
91
43
98
41
2
8
92
3
42
33
30
38
17
69
64
41
37
37
84
99
17
43
48
85
68
19
66
68
25
99
64
27
49
86
42
99
80
47
94
65
16
49
60
74
92
91
37
13
47
21
34
22
69
27
73
63
40
7
15
14
69
60
32
89
85
25
89
30
23
47
81
71
54
68
15
10
62
24
97
86
1
48
98
70
21
65
87
15
50
63
38
31
59
17
71
39
93
96
17
100
94
39
19
23
88
29
21
67
43
14
85
44
56
93
58
43
82
90
49
56
4
91
70
93
9
73
20
86
62
12
100
20
46
90
45
75
84
18
87
61
77
57
74
46
21
87
5
86
7
68
59
6
1
51
91
4
42
72
95
1
37
72
71
91
82
70
93
63
80
85
32
53
65
65
32
28
28
78
10
19
28
79
23
41
1
74
7
95
57
77
45
43
68
82
16
73
32
34
10
46
50
10
52
88
88
34
98
70
38
56
95
10
3
43
93
58
55
22
92
65
11
90
40
45
80
99
69
31
89
7
44
37
43
9
41
23
64
47
93
71
35
100
75
94
78
50
91
32
72
41
80
93
11
63
48
57
91
59
78
44
35
53
62
29
58
87
33
70
75
68
98
43
89
56
11
92
32
3
14
43
79
20
64
25
37
22
95
32
77
85
63
23
73
97
60
89
28
69
65
59
16
42
71
52
8
43
51
21
6
82
43
75
6
95
57
100
78
20
78
1
14
95
39
38
32
85
4
1
23
8
60
84
89
7
6
7
80
27
6
84
13
30
93
96
68
89
45
40
57
58
54
94
28
37
31
65
55
74
82
73
58
87
52
29
33
30
8
52
87
40
64
88
40
100
53
60
24
69
83
25
65
69
11
90
31
75
92
38
87
74
66
13
16
42
84
31
44
62
66
15
98
48
67
48
85
91
46
8
49
16
31
11
45
98
19
76
25
6
11
27
2
81
59
32
31
97
43
56
94
71
19
6
54
87
38
95
64
72
29
96
11
39
90
2
29
42
13
41
48
28
83
57
75
32
36
55
96
41
98
44
84
36
64
5
51
87
51
25
3
66
92
40
64
21
65
55
91
1
23
44
21
7
87
60
3
49
4
1
24
45
89
41
61
77
73
88
74
17
79
16
76
99
12
49
48
77
40
49
55
97
58
21
56
68
98
76
88
61
90
98
46
89
28
45
13
1
72
31
35
26
20
7
51
71
96
45
56
76
33
3
84
73
14
73
81
58
99
100
16
86
56
12
92
51
22
30
99
28
88
35
83
12
12
31
71
59
10
42
51
65
87
20
43
87
61
88
65
100
36
100
12
35
30
29
37
65
3
1
34
57
90
44
90
74
41
65
47
53
84
48
35
96
16
85
66
31
29
26
16
6
88
100
29
19
19
78
4
33
16
90
2
6
15
40
64
11
77
94
16
29
88
24
3
98
2
14
26
24
46
91
86
88
21
86
26
95
59
40
33
28
53
94
79
18
79
81
14
56
89
31
26
68
47
32
10
71
33
50
9
30
51
39
76
98
62
89
20
12
90
41
6
12
76
55
80
69
99
21
44
35
37
60
67
1
45
51
64
79
19
98
80
46
41
24
33
10
34
8
39
27
33
60
96
86
9
3
98
32
15
84
57
3
91
43
88
37
11
57
34
88
86
40
87
30
100
76
7
12
82
41
95
17
52
28
95
6
100
98
30
56
19
3
15
47
39
34
77
26
12
32
82
30
58
9
20
91
21
28
14
94
13
62
48
21
76
58
100
37
53
72
61
78
71
33
15
55
43
15
27
69
44
48
62
14
26
8
47
3
14
71
46
56
56
21
70
9
20
47
19
55
30
15
4
16
33
45
10
52
65
88
29
60
64
62
32
16
95
66
17
21
17
79
95
71
24
75
74
25
14
13
52
59
41
20
21
63
35
20
17
20
57
16
6
9
21
85
67
36
15
71
57
38
7
89
45
60
33
25
52
40
27
59
24
29
47
21
74
77
7
31
97
34
31
18
60
84
17
40
98
47
13
45
36
4
3
61
26
71
90
18
7
58
98
48
87
65
66
82
14
58
46
90
45
71
69
88
17
13
8
51
41
100
89
85
53
34
4
67
60
8
6
13
58
4
23
68
16
75
8
3
16
37
76
26
15
15
65
12
36
87
35
46
93
17
100
67
22
75
64
77
70
78
6
36
89
34
9
56
61
64
34
28
56
75
20
34
7
95
48
60
2
4
28
42
34
70
66
61
31
45
8
32
49
18
49
58
24
15
20
37
82
41
85
81
83
34
32
44
96
57
38
34
90
89
80
94
21
41
46
32
64
99
33
3
99
31
85
83
28
69
40
16
8
9
66
59
40
81
89
6
73
76
75
67
75
59
71
18
8
51
47
69
26
77
5
52
98
100
71
38
31
95
42
18
