100
5000
13
84
86
59
12
60
2
14
25
31
12
95
20
53
77
85
97
18
31
31
27
19
77
10
6
80
26
48
31
53
66
6
15
81
42
22
2
69
67
11
85
34
35
11
6
99
63
5
67
39
64
62
4
33
76
6
11
96
33
93
37
43
25
35
2
86
97
84
42
60
4
27
1
63
22
39
18
67
14
6
87
43
45
43
25
71
63
85
100
38
94
47
85
64
55
98
8
21
6
7
54
83
20
18
81
35
33
85
38
18
90
87
41
9
39
52
2
91
35
2
34
51
17
81
5
18
55
99
56
85
94
57
46
49
59
50
81
36
37
16
84
16
3
14
62
17
67
23
44
80
74
93
70
87
43
60
38
87
30
96
71
87
100
81
30
2
74
4
80
10
3
59
55
21
92
6
59
88
77
20
64
64
81
22
98
2
81
29
76
11
31
73
28
11
99
69
27
28
86
97
63
30
41
38
46
10
52
42
67
80
27
55
32
62
29
29
56
37
56
16
4
30
38
99
60
99
7
33
88
70
94
11
45
38
18
74
87
60
89
9
3
22
64
60
45
87
42
23
81
53
42
67
17
50
82
44
53
55
41
31
39
11
56
47
19
48
75
15
17
91
83
41
74
69
91
24
35
92
3
6
58
7
59
8
26
13
41
92
95
63
99
64
59
58
15
17
91
7
55
67
92
24
31
96
83
29
96
86
73
64
65
39
56
12
72
31
76
85
69
93
94
9
23
35
25
7
36
34
76
97
87
84
24
37
54
78
95
57
68
15
24
28
25
64
93
89
92
93
19
91
58
86
54
2
32
31
99
5
60
76
67
50
65
4
71
18
60
55
63
58
11
90
77
33
11
52
22
76
33
44
16
35
12
28
21
54
18
28
42
79
40
35
64
97
27
7
91
46
76
77
46
19
35
58
12
82
30
50
23
62
21
74
64
42
73
13
71
66
21
93
77
10
57
42
100
32
49
42
95
65
72
48
63
51
68
46
84
39
59
28
77
25
20
42
10
43
45
13
99
66
91
25
80
46
63
98
46
65
30
25
17
77
67
69
90
17
62
99
24
48
72
11
29
13
90
8
39
6
67
37
32
16
85
26
39
34
40
90
77
44
41
72
44
73
91
56
49
83
99
87
73
61
99
46
16
8
38
9
50
5
80
58
70
81
96
88
65
92
94
92
4
77
51
84
59
88
17
4
26
25
30
63
22
87
41
12
65
79
48
7
98
43
27
43
1
100
86
67
44
91
64
9
83
5
14
60
36
78
26
26
97
54
12
24
62
6
75
23
34
65
1
16
8
16
82
3
50
13
47
61
37
34
76
44
37
30
24
45
17
56
55
99
53
7
56
99
94
76
86
6
30
37
84
51
37
48
6
40
87
80
28
44
86
55
91
6
35
66
41
10
44
48
84
30
63
67
50
62
77
46
76
23
45
15
39
2
69
40
22
2
89
29
5
75
22
92
46
49
16
40
37
42
59
49
4
18
38
62
71
64
7
36
52
12
5
94
37
97
21
65
35
26
79
73
16
54
48
49
70
48
72
77
4
41
94
37
46
84
30
54
20
99
59
94
22
100
50
59
43
5
89
65
10
35
22
48
77
26
27
32
27
89
93
86
12
70
21
24
98
82
71
10
47
49
83
31
54
58
91
40
88
12
62
46
83
34
6
37
76
69
100
19
82
25
19
52
25
16
53
38
82
28
15
59
46
13
97
4
23
7
32
26
58
29
36
5
95
75
32
49
44
40
1
81
36
8
11
29
20
87
15
45
65
59
56
27
4
60
48
73
96
76
56
75
64
99
2
62
38
89
38
20
5
73
64
55
70
15
56
43
86
99
58
90
14
32
39
67
45
24
25
4
44
20
24
73
81
15
62
47
77
86
34
32
99
96
28
98
30
56
63
88
90
26
66
77
3
80
92
64
25
41
69
96
15
94
28
88
93
38
6
88
64
52
79
15
47
8
23
47
17
26
28
71
73
91
4
61
26
52
39
45
61
40
56
5
20
42
63
19
59
82
40
15
54
21
77
2
76
25
22
55
65
86
14
4
10
46
83
39
4
41
41
31
75
17
90
76
30
7
51
76
2
70
5
87
82
50
14
54
96
91
43
70
25
17
41
46
58
81
27
42
46
21
14
4
40
42
99
61
44
21
13
88
98
21
51
96
86
32
86
85
82
18
2
91
51
36
41
45
74
13
29
21
65
52
59
23
59
43
8
11
16
29
73
11
23
43
31
11
53
100
53
34
15
90
12
84
83
90
28
94
18
32
96
50
25
58
3
57
37
98
52
12
66
74
9
86
67
20
60
46
42
1
60
81
89
68
70
87
6
72
7
23
59
7
68
44
25
89
19
41
91
73
56
42
63
23
22
76
33
48
52
5
26
56
12
65
59
73
2
74
42
18
72
93
54
10
66
33
16
40
11
61
92
91
72
40
52
22
60
14
85
30
37
98
74
89
5
71
82
35
20
50
7
93
90
19
78
52
32
98
98
2
8
4
65
73
82
7
85
90
68
61
98
69
41
96
17
39
17
12
92
95
89
88
91
16
61
1
42
64
12
22
31
57
45
77
59
30
22
96
48
85
53
34
56
4
5
70
50
91
97
4
32
2
62
53
48
23
92
32
71
24
92
57
53
6
11
95
26
79
56
35
94
85
21
14
37
15
15
31
45
54
79
25
50
8
69
3
52
59
34
93
91
21
31
11
15
49
67
51
52
57
47
81
2
28
35
3
96
97
82
37
47
44
17
7
92
66
92
84
83
48
77
94
71
45
91
90
90
64
96
69
80
83
94
1
3
61
1
1
23
82
21
45
17
55
75
69
13
94
89
51
28
81
79
61
80
32
21
63
41
41
37
3
83
81
36
80
95
74
87
82
25
49
82
64
10
12
92
63
97
50
70
35
22
17
85
73
79
67
93
59
24
91
10
20
19
4
4
63
47
96
2
33
20
89
50
71
59
47
56
64
16
4
53
55
29
86
53
82
38
13
75
51
96
74
65
36
59
86
31
56
28
89
57
58
65
16
98
83
79
96
49
56
22
93
40
60
86
37
53
48
45
5
34
88
65
25
42
70
61
48
48
35
5
73
72
96
86
52
99
55
90
56
17
64
75
30
76
51
38
84
23
21
46
89
17
93
1
52
6
10
64
61
75
21
84
48
66
7
26
22
24
99
50
100
67
81
99
83
89
92
39
98
14
60
36
59
73
11
41
37
59
10
97
73
100
49
20
13
52
34
57
29
89
100
90
20
51
20
17
20
20
57
41
100
18
57
68
23
87
89
39
13
5
55
79
38
60
58
32
68
62
49
16
60
90
31
43
48
51
76
40
50
17
8
5
37
91
63
3
81
34
72
19
80
89
44
76
82
44
77
53
77
42
60
27
13
90
51
83
25
59
43
24
57
26
45
25
56
41
40
71
40
49
55
84
16
68
53
92
72
33
54
100
75
53
53
15
87
76
5
48
57
87
51
26
25
90
58
99
60
91
15
24
78
11
11
77
19
63
49
48
18
75
97
56
92
44
36
51
20
21
9
48
100
97
9
56
77
57
21
61
19
85
28
73
46
45
55
74
68
62
32
42
50
43
46
21
50
65
98
84
28
69
68
68
82
56
65
98
47
24
49
28
88
14
73
5
65
9
35
81
12
89
93
26
18
40
87
78
76
69
96
65
23
39
49
6
77
2
43
15
85
6
92
18
20
9
14
10
54
98
26
94
22
7
61
73
63
22
77
44
89
25
39
7
36
94
73
63
19
24
29
52
57
94
2
19
10
10
98
59
24
47
17
17
55
84
71
39
68
18
36
45
9
10
20
77
32
30
45
14
91
68
99
93
40
71
84
85
74
60
97
6
85
61
75
34
81
36
8
33
86
11
58
82
94
17
84
12
98
80
95
62
28
40
95
38
12
61
73
74
68
78
16
55
37
81
67
50
96
30
98
99
82
20
35
9
78
44
46
77
5
68
63
64
68
83
5
91
79
81
76
21
97
80
35
77
2
39
47
68
10
39
24
37
82
92
94
2
31
53
56
86
97
77
18
1
32
46
14
51
3
90
95
85
4
13
2
44
16
42
24
32
40
15
73
89
92
71
90
85
69
52
70
95
59
22
14
9
93
55
77
58
96
65
86
19
84
55
4
57
77
5
96
41
25
46
41
74
31
3
66
13
52
89
78
96
94
36
24
1
67
28
69
16
69
61
18
38
1
27
1
1
81
4
58
88
76
19
9
8
48
25
23
75
28
97
51
4
91
10
22
61
44
99
6
59
16
84
41
35
100
99
22
22
27
46
93
91
90
57
60
89
8
20
72
53
80
27
11
37
76
92
89
30
70
23
5
42
68
76
58
42
64
10
57
29
59
76
51
28
75
53
94
45
65
68
58
75
93
75
76
88
84
96
62
62
92
27
54
94
44
96
23
13
36
16
86
80
86
56
72
81
58
50
57
73
75
3
96
30
88
86
5
89
14
69
22
42
72
60
47
74
20
61
38
16
91
14
30
74
78
16
55
27
96
9
95
77
67
15
85
25
100
48
5
71
55
25
7
19
86
18
91
80
90
42
52
66
38
84
80
44
63
30
94
92
47
55
32
90
100
58
60
19
57
18
84
71
7
73
92
92
41
14
44
70
12
30
12
10
95
57
22
46
47
27
99
76
84
72
79
65
4
66
92
12
13
95
100
7
89
53
39
90
99
70
22
11
2
6
42
83
55
87
94
87
11
21
8
3
72
56
25
12
79
26
77
98
48
54
74
8
82
56
20
48
60
97
95
97
98
41
90
53
51
37
33
84
48
51
24
8
46
65
64
49
6
66
47
14
90
24
85
17
78
48
99
79
44
99
75
12
29
60
57
85
96
62
89
70
57
9
29
14
53
9
90
41
11
60
52
27
46
29
11
4
60
84
59
38
88
63
63
66
9
42
61
6
33
35
88
19
54
95
26
96
11
38
37
70
72
51
82
88
48
13
4
79
68
59
43
57
82
70
95
21
52
48
28
60
61
95
73
14
59
5
48
95
98
27
50
49
37
70
88
14
97
7
56
86
83
91
14
21
80
84
1
47
85
89
69
16
26
74
65
54
97
68
30
11
76
83
34
53
68
86
62
74
55
77
96
40
36
57
90
60
2
15
96
55
32
62
40
43
30
54
11
77
57
46
27
77
40
39
18
98
14
6
8
38
97
3
90
93
66
12
59
58
88
91
64
72
70
88
51
62
47
16
63
77
21
48
80
68
90
86
43
80
16
11
66
2
5
57
99
49
2
75
95
14
93
24
51
72
56
54
82
61
38
18
12
3
88
37
64
53
10
79
34
68
34
50
12
87
49
3
86
72
30
50
19
92
69
87
74
42
7
90
89
67
89
14
72
25
92
21
47
87
90
62
71
23
62
9
32
28
28
35
91
89
65
29
44
33
95
68
48
49
69
32
25
39
42
42
15
13
44
25
41
17
57
30
100
71
46
47
21
32
2
70
31
60
7
32
89
95
6
65
13
61
60
89
54
46
14
54
6
91
35
36
98
68
84
83
51
61
72
94
76
63
54
71
34
94
100
92
8
39
88
44
69
43
21
13
33
41
66
33
43
42
29
40
39
45
26
32
37
2
32
14
96
25
36
86
7
55
72
69
76
80
93
39
35
95
85
25
82
94
20
95
12
10
95
64
6
81
20
24
15
89
7
6
37
47
97
96
11
98
31
36
1
78
13
12
31
19
89
34
5
72
26
98
60
55
90
72
98
91
30
21
18
72
76
27
13
50
31
78
2
66
56
16
60
31
16
52
81
27
68
39
16
77
98
22
95
62
31
72
34
62
100
63
74
17
14
98
82
23
64
84
60
2
15
21
10
80
5
55
67
55
31
64
58
45
49
92
38
75
20
64
69
62
65
30
91
2
84
55
4
10
16
73
82
44
46
25
66
10
60
25
36
17
13
36
19
4
54
73
72
35
59
93
20
65
16
96
68
23
10
22
51
53
6
19
84
96
73
39
7
36
9
60
82
84
57
36
86
7
11
1
55
74
98
69
59
98
51
98
49
73
9
76
54
83
92
54
74
21
65
31
40
1
70
4
97
15
12
23
13
10
24
28
50
42
39
55
95
5
98
11
47
72
9
48
92
78
13
84
14
65
84
48
96
85
85
51
59
59
85
78
80
53
27
60
82
36
9
32
13
53
69
42
9
56
79
1
97
7
86
70
78
38
99
27
17
89
30
87
43
65
70
25
16
8
34
54
22
41
67
77
73
96
53
58
65
1
39
50
5
46
57
82
30
21
77
5
63
85
12
66
85
12
26
46
28
66
48
88
74
33
15
27
83
76
11
60
9
74
96
15
87
73
16
25
61
64
68
63
56
13
40
63
98
68
17
92
39
96
28
100
5
88
88
66
37
70
32
1
86
74
16
78
99
62
28
74
18
89
69
12
74
30
20
95
68
98
33
85
64
37
84
17
7
81
71
69
56
72
58
11
79
15
66
11
89
85
43
38
6
30
17
91
29
60
99
84
86
69
83
70
93
45
7
98
70
88
63
73
69
21
7
97
73
78
21
68
64
10
84
66
35
90
38
94
71
48
25
46
13
15
73
99
71
71
43
45
80
63
77
87
43
22
1
35
13
2
63
100
60
87
33
44
49
57
81
74
37
99
96
70
52
28
24
13
15
92
59
22
66
62
40
96
49
18
41
11
19
94
38
45
56
75
74
89
30
49
92
76
29
72
100
22
15
24
53
28
80
1
64
94
100
37
43
36
29
77
2
16
14
56
80
74
90
52
13
34
46
73
26
33
72
72
88
65
54
66
14
68
14
83
42
45
53
95
90
98
49
92
34
48
72
58
64
36
28
62
84
98
50
82
76
88
91
48
25
2
54
67
28
17
93
21
37
48
15
45
2
55
31
12
97
65
34
79
46
25
18
31
2
66
70
59
63
82
65
84
76
82
4
78
39
45
35
2
5
80
96
64
58
52
79
67
9
31
100
65
63
54
18
75
62
94
5
65
95
7
70
32
55
10
7
23
48
82
25
67
12
72
29
34
22
38
17
25
79
66
48
56
95
88
35
73
57
98
70
15
23
76
49
15
48
55
3
71
85
9
54
66
25
39
19
42
39
11
6
100
52
50
42
29
90
88
93
27
82
35
59
34
57
44
38
71
7
93
47
2
28
83
88
7
10
19
18
37
82
77
24
16
28
34
51
78
38
88
50
24
87
61
57
33
90
44
61
91
46
83
100
97
16
43
92
70
18
95
100
11
63
36
47
43
70
39
48
6
83
55
100
11
88
93
49
69
63
90
72
31
73
75
85
85
96
86
80
90
90
36
52
35
77
55
26
3
22
84
25
73
36
74
51
59
16
99
64
83
76
22
79
50
49
92
43
1
18
24
7
29
37
86
18
30
89
25
64
35
75
37
52
81
40
37
93
40
2
12
46
7
52
77
76
9
82
11
55
22
28
42
22
88
4
21
64
90
21
100
29
67
37
5
63
94
89
10
11
99
79
60
11
16
2
92
15
1
56
84
38
87
77
70
46
97
30
81
64
52
60
55
100
66
49
87
17
5
99
94
96
42
59
51
32
64
20
87
29
29
86
99
71
49
4
19
100
86
67
31
90
60
97
86
56
3
54
30
91
97
25
99
91
10
2
74
26
5
80
51
60
1
10
38
51
35
23
9
67
94
74
50
40
58
85
23
64
17
56
55
82
40
49
37
65
96
95
20
73
19
26
53
26
30
74
96
6
61
47
90
77
47
91
9
17
59
96
10
95
79
82
32
82
39
16
87
3
60
84
30
84
2
53
5
97
91
77
64
99
32
72
22
24
68
5
32
76
59
38
91
66
92
1
90
23
73
3
30
25
100
81
77
92
18
51
12
41
3
18
23
68
64
6
92
45
74
21
37
50
25
12
81
93
28
60
53
22
36
50
43
86
40
72
80
41
62
93
29
26
47
24
13
31
45
90
80
89
33
73
78
28
30
8
61
8
86
56
65
60
38
38
26
43
34
81
82
49
62
79
81
21
30
30
15
28
39
80
22
81
51
30
93
55
24
24
57
29
38
64
13
18
6
97
15
86
56
34
23
38
3
71
46
43
11
69
34
26
79
36
1
28
54
34
27
46
96
12
70
61
63
37
94
77
90
86
33
89
39
60
65
52
1
1
90
67
70
47
59
1
66
9
12
77
51
28
84
77
45
49
12
97
98
94
62
1
96
10
53
23
11
74
90
32
58
16
7
98
38
81
38
25
9
14
25
29
46
25
2
38
79
67
31
44
95
59
15
13
6
9
57
76
79
58
29
5
23
6
54
22
8
26
23
98
6
48
33
8
94
60
53
46
52
90
51
92
2
19
25
1
32
12
47
38
45
4
52
60
74
12
23
69
37
37
99
36
7
30
74
47
84
4
9
99
56
32
9
1
82
34
6
56
52
27
94
90
17
93
14
16
32
10
100
85
5
78
67
17
50
39
2
59
96
56
79
62
25
53
20
86
50
71
1
17
17
59
75
36
69
4
27
61
86
10
93
1
22
8
77
24
58
81
40
60
35
83
82
40
47
45
83
94
54
75
71
14
44
76
77
43
77
84
79
36
92
45
85
46
2
26
50
45
90
79
47
32
77
56
17
32
18
84
95
58
71
55
13
99
6
71
27
93
16
69
7
71
66
21
34
20
22
69
67
50
85
56
95
35
95
100
68
31
3
46
22
47
53
48
60
93
76
83
16
70
72
92
71
32
24
64
40
34
14
32
79
82
74
53
99
69
61
36
12
60
96
7
97
55
90
24
25
84
77
68
1
69
47
94
45
91
77
57
82
91
38
7
81
87
100
49
4
61
85
58
26
75
26
53
8
34
20
24
33
51
85
2
100
65
91
47
72
67
18
74
89
5
69
67
39
66
53
7
16
81
65
66
77
99
97
24
17
44
99
13
55
3
80
99
80
63
79
22
3
54
21
63
5
23
73
10
53
70
26
77
33
4
77
58
39
1
2
26
7
61
37
67
100
89
55
31
58
96
71
74
68
4
89
69
53
94
32
79
8
48
67
76
70
82
94
94
74
30
66
21
3
63
59
50
17
67
86
19
79
44
59
94
31
92
54
95
5
43
61
48
2
3
4
98
41
23
34
89
60
78
80
62
74
98
28
17
93
43
22
6
58
66
61
4
71
1
55
97
50
17
97
79
39
2
75
86
95
16
52
78
75
33
90
75
40
79
79
14
55
65
32
39
100
22
11
25
51
32
65
50
65
65
14
16
14
34
4
95
89
83
73
31
67
92
58
22
17
41
27
77
49
26
9
17
47
5
69
15
94
93
7
12
8
79
49
17
48
25
50
8
48
13
32
94
17
64
6
34
39
59
31
15
2
10
93
5
100
27
99
51
10
75
50
98
51
58
2
22
28
39
92
52
8
99
87
78
92
49
64
42
55
14
25
22
34
3
73
94
5
99
22
41
48
61
27
77
20
16
87
100
30
10
49
65
100
17
5
2
92
34
82
27
98
8
22
40
76
45
70
57
77
55
28
60
78
33
46
38
63
48
23
77
90
82
15
82
27
94
24
80
16
27
82
39
12
68
44
9
1
74
99
50
11
20
43
2
55
68
45
6
86
82
31
50
85
2
98
61
30
50
41
96
27
100
5
41
69
94
21
59
52
2
17
42
35
48
68
21
16
61
25
95
92
48
96
74
79
4
67
43
94
80
100
10
32
99
18
66
42
55
13
17
96
7
88
48
27
8
17
15
66
34
62
39
65
62
16
91
52
39
50
62
12
53
97
3
3
57
56
50
29
57
6
68
5
94
94
73
32
29
90
52
35
88
60
31
31
26
30
7
55
82
96
99
40
10
24
1
66
62
77
60
88
27
5
51
72
80
88
70
28
89
38
91
6
53
40
78
55
33
6
91
11
22
68
29
43
37
24
28
98
4
95
92
14
39
49
83
47
66
80
49
63
35
96
45
2
77
92
100
10
71
23
71
50
39
46
53
31
48
15
83
55
34
28
76
40
17
13
34
91
72
6
29
58
1
24
96
20
45
54
50
62
35
76
55
65
44
92
96
61
81
9
79
3
60
13
41
40
95
34
41
61
66
8
63
21
72
11
72
79
92
58
64
20
53
60
46
75
70
94
8
98
58
47
29
5
28
95
46
100
67
55
70
57
34
6
45
1
34
18
72
43
77
13
64
68
22
78
17
87
3
66
33
56
100
82
49
84
100
95
40
84
77
9
65
9
25
16
56
81
91
13
24
98
31
68
14
65
59
70
31
82
71
77
41
81
16
50
84
70
90
93
54
98
70
13
46
99
83
58
26
82
17
20
45
96
3
2
92
11
29
99
78
41
2
37
86
62
80
39
18
53
83
84
3
97
80
41
12
37
73
90
35
68
19
98
45
75
64
18
4
47
99
11
10
68
63
75
15
81
57
77
31
34
19
8
15
27
57
78
11
3
83
53
66
98
19
64
70
91
65
61
14
89
46
12
26
19
34
21
96
83
7
18
81
65
35
45
77
34
36
87
25
32
66
45
79
97
51
72
32
70
68
20
55
67
58
36
65
81
85
87
80
63
35
48
8
60
49
76
10
81
18
37
41
61
51
20
39
84
54
72
54
41
3
26
21
3
98
97
99
12
41
53
52
84
40
6
22
47
10
67
95
45
71
2
67
10
22
81
41
12
47
99
51
36
5
45
94
39
59
10
6
99
14
27
53
38
40
67
2
29
18
46
95
42
55
52
84
55
13
90
46
25
100
37
1
73
16
88
22
51
29
4
97
38
8
78
3
25
29
59
57
69
8
2
97
93
70
58
84
91
94
18
92
39
68
51
88
43
20
83
51
22
46
1
48
21
55
8
80
49
40
10
99
49
20
63
52
63
11
76
20
80
32
70
15
78
9
70
33
23
84
10
18
68
89
11
12
91
46
27
16
89
74
7
37
81
37
5
10
23
18
44
100
42
72
42
48
62
35
71
88
7
66
24
20
49
59
60
69
15
28
58
75
72
54
91
43
15
83
19
45
75
92
82
28
10
55
99
76
43
79
23
53
31
55
41
56
86
18
53
58
71
33
69
95
39
43
56
2
6
36
72
12
4
17
31
29
85
72
12
25
57
59
8
6
87
67
78
18
87
58
18
37
83
75
38
74
65
6
39
18
29
37
72
27
20
94
12
23
25
32
62
28
28
92
24
95
60
16
25
32
59
31
93
40
89
40
49
46
20
37
78
63
16
18
73
76
42
81
22
20
88
99
12
84
6
64
44
88
57
98
12
16
97
62
41
53
77
47
5
27
12
10
92
96
