100
5000
54
33
69
53
58
49
82
71
4
62
9
14
31
29
70
76
9
62
44
46
36
12
86
67
59
95
52
32
1
93
41
38
30
58
18
32
77
17
17
57
52
83
95
51
25
68
16
15
76
73
20
92
62
78
87
1
96
86
7
71
71
95
76
73
3
13
74
8
44
22
86
55
90
49
40
56
6
97
67
42
79
49
35
17
14
12
59
64
66
59
60
88
94
32
94
98
92
9
32
69
22
1
69
23
13
42
80
61
14
87
67
94
58
63
44
95
53
93
22
11
23
38
94
39
12
84
96
85
50
47
23
93
85
57
15
4
85
89
72
82
83
37
84
19
39
20
95
24
41
11
8
7
82
45
41
58
77
56
44
85
10
35
87
78
15
2
64
2
66
39
49
39
35
7
1
8
68
78
91
14
18
7
56
50
50
34
29
76
42
70
73
81
98
12
81
23
63
8
27
92
78
8
25
15
80
29
22
37
35
67
36
82
65
7
74
14
44
28
79
83
8
50
12
58
87
14
15
43
25
62
57
28
18
70
97
76
23
97
64
3
5
48
30
90
61
23
78
73
96
47
79
77
15
83
25
52
93
18
87
71
24
97
17
25
48
52
53
68
21
23
53
43
60
7
92
35
44
28
69
45
95
33
98
34
46
91
84
23
96
16
21
62
24
1
89
4
6
21
88
64
19
48
46
57
89
4
94
80
24
50
17
7
51
31
19
35
9
75
20
22
53
17
59
72
61
74
96
74
45
79
43
97
100
28
96
80
81
100
76
32
42
17
83
89
50
9
77
92
88
6
81
40
40
66
36
35
89
67
29
89
64
41
52
2
51
82
28
96
52
60
80
53
90
67
57
68
69
52
44
93
17
44
46
82
96
5
76
52
52
55
26
5
29
5
73
93
69
1
75
94
86
10
20
1
49
11
38
98
29
43
86
14
35
59
58
61
11
82
4
18
14
61
39
39
33
18
17
97
31
61
55
40
88
75
73
11
26
41
78
69
83
68
84
50
44
97
87
15
74
66
98
54
14
85
80
78
46
12
18
65
28
81
27
14
72
100
100
90
26
87
96
64
28
54
47
23
54
42
50
68
36
32
95
78
45
11
15
67
52
61
70
8
19
13
51
42
43
52
6
85
37
95
89
97
27
69
86
13
56
66
49
95
18
63
49
38
95
78
15
22
19
35
71
71
50
53
21
70
100
81
28
16
100
64
2
54
4
8
11
74
37
48
31
38
91
25
92
40
22
38
55
57
10
96
71
29
75
40
21
34
78
7
42
68
59
49
73
66
74
83
15
75
43
98
15
15
96
81
99
1
86
76
42
63
56
56
42
34
3
61
2
93
14
38
11
25
3
68
61
8
56
87
64
17
11
72
10
78
35
67
41
17
63
64
22
70
87
82
47
65
24
100
75
89
48
44
68
13
64
21
15
28
25
31
36
17
44
25
13
68
93
55
60
28
19
18
35
53
34
76
61
52
5
24
66
48
54
13
28
70
94
26
50
95
40
72
20
48
42
49
25
19
85
89
16
69
50
11
1
23
90
85
28
37
53
71
55
17
65
72
79
28
80
23
39
20
76
36
87
17
16
60
95
83
13
48
53
79
89
92
21
17
63
96
99
26
24
21
21
21
31
26
5
39
29
2
44
18
65
91
12
32
10
84
15
62
53
97
81
84
90
92
33
76
18
77
48
35
53
65
14
44
9
82
16
51
100
48
67
93
95
91
62
14
80
92
60
72
71
74
56
71
80
59
40
69
8
12
62
12
38
86
9
56
22
87
73
88
61
70
34
8
65
98
71
43
74
71
15
43
69
18
31
65
84
14
73
24
5
42
58
53
78
58
44
73
31
78
23
67
42
69
18
44
87
20
95
20
65
32
100
63
62
75
98
13
26
53
72
77
98
43
22
85
4
20
85
96
98
95
18
47
90
59
48
97
80
52
14
43
86
69
10
17
27
64
68
5
4
10
31
52
30
26
48
28
93
44
3
55
58
61
7
75
73
42
10
97
23
67
76
83
49
77
10
58
73
38
62
42
43
87
94
82
87
16
76
67
66
21
66
95
76
28
8
91
33
91
76
100
66
65
86
76
48
14
21
85
24
67
41
57
27
96
91
12
49
6
73
82
7
67
89
91
26
71
22
64
3
92
93
8
42
71
56
64
81
25
98
91
27
34
61
72
17
89
61
87
19
53
64
79
27
95
83
38
86
18
23
22
44
19
33
74
35
40
40
84
93
79
82
61
68
76
9
32
31
30
65
71
99
25
99
27
51
81
90
47
92
73
64
72
73
83
13
56
30
39
95
90
19
62
24
36
90
10
93
72
93
98
96
45
27
55
81
4
3
1
67
68
82
81
5
3
2
24
16
51
48
87
84
47
67
66
14
43
27
36
11
32
85
79
16
37
6
99
85
45
25
16
27
30
42
9
23
64
61
14
35
36
90
62
39
13
48
80
25
75
76
1
8
39
33
30
65
65
18
94
42
8
92
85
72
64
45
74
38
92
65
89
41
93
14
18
94
47
2
77
35
61
52
50
46
37
44
27
11
82
10
21
55
65
68
71
79
37
91
49
92
38
60
31
97
38
56
64
82
23
68
96
27
75
35
73
53
53
93
17
16
17
78
27
54
12
95
27
20
21
78
11
42
57
94
96
5
85
87
29
87
45
24
54
2
51
34
34
41
4
65
38
86
92
22
15
27
48
31
87
48
37
63
1
80
5
6
51
29
72
30
69
75
23
47
69
37
50
46
47
59
72
80
59
33
63
52
49
77
50
91
30
84
40
18
60
62
6
39
36
13
50
68
51
73
73
70
25
5
72
93
9
26
70
86
1
65
39
76
31
88
93
88
15
84
31
78
9
85
16
96
40
32
65
34
43
98
76
62
59
73
94
95
90
36
21
50
87
94
64
78
72
75
59
99
21
39
98
90
50
100
16
38
51
47
31
74
53
82
97
38
83
31
98
29
95
41
17
11
29
23
7
47
27
92
99
26
12
16
15
44
16
54
5
86
74
55
60
24
51
23
38
91
49
20
9
7
60
44
89
66
57
76
2
37
16
25
30
34
69
1
99
31
9
52
82
33
96
59
37
73
14
50
89
94
64
48
68
96
29
66
45
70
61
54
69
35
61
80
52
16
1
23
11
33
8
17
78
70
52
27
54
97
64
31
30
34
86
83
52
71
33
99
100
43
96
91
87
63
66
92
83
78
1
19
49
53
82
92
89
62
6
10
4
84
79
33
80
17
54
87
21
48
10
49
67
30
60
48
22
8
54
45
15
47
95
8
72
78
83
12
41
58
22
76
59
96
79
56
31
50
16
10
10
18
34
1
74
55
30
75
83
53
20
75
33
99
27
60
51
88
71
92
57
90
53
36
28
86
91
64
87
5
61
9
28
85
56
42
20
89
8
19
27
89
67
86
9
73
15
61
12
25
100
23
44
31
38
1
33
38
67
72
98
42
5
86
41
97
38
7
31
97
92
95
83
73
24
6
94
89
81
73
15
13
50
50
82
31
65
90
73
80
69
94
44
75
65
50
58
45
88
14
38
90
76
18
10
35
18
63
86
44
78
55
28
90
54
18
23
88
44
8
6
44
49
74
44
50
23
35
61
97
3
54
89
13
19
41
51
22
50
6
38
100
47
61
4
66
5
41
32
3
16
84
46
7
56
37
78
66
72
99
99
93
75
33
82
76
88
58
100
82
12
5
94
73
58
75
32
5
87
85
93
87
36
76
97
99
53
42
95
30
90
31
33
62
14
87
7
7
60
93
52
85
70
74
57
83
28
60
46
76
52
64
4
41
10
70
17
27
29
69
55
83
39
95
47
84
56
6
45
26
64
98
77
3
98
88
66
58
81
10
25
49
25
33
82
65
65
71
14
91
91
28
82
35
70
84
54
26
100
14
98
49
33
58
3
56
88
72
47
46
72
83
6
60
96
10
99
59
54
97
17
64
92
9
87
30
71
57
81
89
27
79
72
10
42
39
67
80
90
46
82
56
59
56
57
1
98
86
58
6
46
39
47
24
33
73
26
67
82
71
69
2
95
97
99
46
95
45
49
6
57
40
87
52
57
85
31
81
55
94
12
45
98
33
99
94
96
14
17
10
63
58
38
58
60
22
51
60
15
57
46
47
81
45
68
17
7
43
50
27
20
58
99
32
78
35
51
73
48
38
81
1
69
95
2
79
27
10
23
50
21
36
14
83
19
66
10
64
33
30
46
22
9
43
51
34
44
56
50
25
9
46
71
75
9
42
71
52
31
17
33
82
13
11
90
53
16
48
43
43
89
50
14
79
33
24
73
76
29
35
43
10
21
56
22
25
5
90
19
73
83
32
25
30
79
98
61
64
30
84
67
1
58
12
73
8
24
17
13
96
55
33
11
100
55
40
18
49
45
18
1
73
64
81
39
33
93
10
68
34
42
36
74
38
72
23
27
50
1
70
8
42
7
3
52
30
2
46
93
10
59
92
66
53
72
63
36
83
77
83
13
50
42
96
89
60
94
5
71
6
92
10
32
65
66
82
25
14
92
93
88
88
15
32
77
91
6
92
72
83
6
87
100
28
47
50
30
99
81
51
47
73
47
42
53
38
96
82
51
7
37
27
51
9
55
50
49
32
70
97
10
52
67
16
14
30
86
16
31
7
33
40
38
74
38
7
98
40
12
91
20
64
73
24
4
80
82
36
51
47
73
20
83
84
50
10
86
76
12
80
58
41
28
48
53
63
60
56
22
38
33
80
9
79
3
45
100
88
16
19
27
61
69
17
77
87
12
79
69
90
41
98
49
49
100
93
5
31
37
14
37
89
53
21
43
33
59
34
88
60
19
22
23
26
94
97
58
64
58
63
79
44
77
37
33
28
99
100
41
43
37
83
59
28
18
38
95
84
98
93
4
86
50
49
82
40
47
93
58
94
88
71
16
70
2
29
55
4
57
45
6
95
85
26
26
23
13
58
52
47
17
96
26
59
35
68
64
44
25
50
6
31
73
75
96
38
68
38
89
28
33
99
35
49
15
19
49
68
79
43
77
59
38
12
34
73
71
93
41
68
38
64
29
91
7
82
97
29
95
9
57
77
68
68
40
59
64
78
20
11
78
95
85
54
20
24
22
48
30
58
59
75
58
78
65
12
78
27
71
100
43
96
96
98
74
85
41
9
53
42
77
91
36
52
16
77
66
43
73
56
63
17
35
50
59
64
61
52
8
89
44
40
98
50
87
57
91
24
59
32
44
34
41
66
42
52
39
3
94
43
50
39
94
22
85
61
85
31
79
61
100
21
39
90
84
82
45
13
62
16
18
58
72
26
58
98
60
52
41
67
34
12
100
79
83
79
82
33
71
98
68
96
74
45
62
20
52
6
10
88
11
100
26
31
23
11
91
34
77
5
17
72
99
84
53
15
61
20
18
99
31
75
84
65
57
88
85
47
96
56
53
42
15
2
17
52
14
84
80
14
27
25
82
33
73
25
100
7
16
37
100
65
75
92
77
49
64
24
3
1
91
96
21
59
91
66
43
24
58
1
3
61
54
38
96
69
23
10
56
38
20
92
20
77
94
21
70
16
88
82
64
3
25
94
100
7
47
77
74
64
79
75
43
73
2
92
28
22
56
26
38
6
11
16
74
10
84
43
76
80
34
37
36
68
38
59
61
22
26
57
4
32
34
22
63
42
33
37
33
100
27
73
57
97
100
100
24
25
53
21
78
83
37
43
52
61
67
80
19
34
81
34
91
79
44
19
43
67
21
16
23
42
65
2
55
30
60
97
42
6
42
46
48
43
1
56
60
74
22
91
75
81
12
63
10
39
63
54
86
83
92
46
29
68
75
64
62
12
90
35
43
100
99
34
39
4
58
77
66
90
71
10
19
73
12
69
89
93
90
87
63
99
40
23
14
5
42
98
100
49
11
58
25
54
8
39
22
97
48
97
40
47
87
81
40
5
63
76
79
38
54
58
57
50
29
51
39
32
74
50
60
75
15
13
55
53
21
19
92
72
21
21
76
91
58
96
98
9
66
10
59
83
67
2
51
92
93
99
91
15
31
21
13
5
39
84
34
94
51
49
49
78
28
14
24
10
79
15
56
39
5
81
43
93
26
50
4
61
3
12
69
27
68
26
29
32
34
17
11
74
42
98
76
62
27
58
44
18
77
61
15
86
53
66
85
77
1
61
4
17
91
28
81
41
15
6
48
25
48
45
98
1
68
16
6
66
62
80
24
95
67
15
94
4
76
35
91
84
35
66
20
86
34
12
55
42
23
44
77
29
61
99
94
43
11
50
34
43
14
12
55
64
52
26
7
85
53
43
82
12
63
94
50
31
91
2
31
17
52
54
37
9
12
60
26
2
57
45
31
98
46
99
11
62
39
72
10
51
65
44
60
81
29
39
38
4
99
34
37
96
32
55
98
67
59
59
42
91
95
19
65
95
75
26
12
15
45
31
79
25
27
27
51
93
99
40
81
56
74
70
75
72
97
93
59
17
45
80
10
41
7
33
38
27
35
100
51
40
4
21
76
79
6
67
13
28
62
78
34
96
52
9
41
54
41
14
19
12
11
85
22
68
84
32
96
2
48
63
25
97
27
53
11
64
92
71
35
38
5
79
75
37
44
32
76
81
90
2
92
21
94
16
59
83
8
100
29
72
79
45
52
20
54
71
9
92
90
58
1
18
13
95
100
19
10
81
8
6
7
30
78
74
79
7
32
74
9
56
39
54
21
62
47
25
7
80
72
96
51
74
63
49
24
69
67
31
7
6
58
46
24
44
22
39
52
64
78
94
25
35
28
93
28
40
3
92
97
62
80
35
59
43
59
21
51
85
43
55
55
42
43
50
28
55
86
95
83
6
82
75
30
48
53
61
39
36
65
65
61
15
77
63
55
58
60
68
63
77
79
80
50
61
41
77
33
93
68
38
34
70
98
41
33
95
49
26
74
94
86
94
36
70
96
85
4
7
23
73
5
79
96
99
87
89
17
38
70
83
87
67
19
57
63
42
20
70
13
48
36
63
89
39
10
54
13
22
62
72
27
57
17
46
19
92
99
100
42
85
46
50
79
39
87
52
55
34
98
50
8
54
53
93
13
38
57
2
79
46
33
94
10
53
70
80
76
59
89
6
11
87
99
81
15
99
42
26
3
68
3
14
19
79
24
53
86
63
67
63
85
100
70
94
82
22
78
45
59
56
51
53
3
69
47
3
44
84
10
44
86
72
84
69
30
28
8
63
48
25
43
96
82
36
6
97
59
14
98
72
1
63
17
73
83
92
17
12
11
72
28
100
24
75
35
76
70
70
4
18
86
44
61
68
39
90
97
92
70
54
23
81
72
19
24
63
73
37
17
75
47
68
6
27
94
57
82
66
64
98
80
99
73
73
18
56
93
90
52
30
58
14
26
67
83
2
33
79
18
68
77
11
11
3
6
35
20
100
23
68
49
10
90
90
57
60
26
50
42
56
21
24
89
9
32
71
74
54
33
38
98
6
72
81
53
66
7
47
38
33
42
34
42
65
6
84
52
12
17
72
53
11
18
84
34
37
14
11
34
75
59
63
54
86
95
28
75
31
85
45
93
79
1
93
39
37
91
47
27
6
96
2
70
35
40
87
32
85
78
57
80
66
66
76
72
43
73
100
46
60
65
45
3
70
33
8
96
98
50
26
80
70
90
49
80
45
82
10
96
79
13
44
26
21
76
59
54
89
60
57
40
90
38
30
62
28
59
23
66
31
91
32
16
19
83
46
50
17
11
89
7
77
2
12
82
40
73
58
37
53
61
45
88
86
93
7
18
26
54
76
20
71
7
19
88
68
13
84
51
2
76
77
66
20
67
78
53
13
69
70
67
93
20
29
99
51
44
40
67
80
94
82
47
69
21
99
64
92
54
20
59
88
54
61
37
62
51
94
8
72
63
54
46
24
90
31
16
19
38
67
99
14
9
35
54
66
82
99
16
23
57
61
5
23
73
61
25
19
18
72
84
54
10
38
5
51
61
18
8
81
79
86
40
7
67
91
18
12
55
90
20
68
54
65
3
87
33
71
36
81
82
37
92
53
42
62
73
96
48
49
38
56
42
87
43
84
8
30
53
14
72
76
89
75
56
93
19
27
95
32
98
100
55
52
72
44
89
92
19
64
56
14
28
72
31
13
54
97
52
21
81
18
88
55
59
6
74
69
12
54
35
61
59
30
89
70
17
58
44
7
70
88
25
79
24
2
41
46
56
97
5
41
97
95
97
93
8
2
93
34
20
4
80
98
46
20
50
26
27
39
23
98
63
88
60
43
64
1
61
81
18
96
73
49
77
7
70
18
47
29
10
10
42
32
64
90
27
3
64
25
71
58
2
1
40
89
88
15
40
23
63
23
10
23
82
71
31
2
47
14
88
32
71
23
74
16
58
98
51
15
10
79
29
95
8
21
21
41
76
39
21
96
55
63
49
85
93
96
26
45
100
86
78
9
50
59
13
70
67
50
77
41
84
81
18
57
42
97
51
55
77
97
96
11
19
3
50
51
6
29
66
46
65
91
22
27
52
65
20
72
76
73
77
23
69
95
2
47
77
27
61
44
30
61
79
49
25
31
14
55
76
88
48
85
32
21
64
64
85
82
71
83
11
6
84
79
91
23
22
8
48
47
22
78
50
68
74
65
11
74
8
59
19
59
3
84
33
48
40
2
57
13
52
9
50
73
79
36
58
14
60
4
94
51
66
42
32
14
8
38
28
55
27
69
66
54
42
44
82
97
86
93
94
45
48
5
42
49
49
43
26
21
42
35
50
94
7
1
56
34
40
13
98
91
30
14
59
18
69
59
63
99
18
72
29
25
26
59
68
4
30
42
19
40
23
49
48
58
95
33
62
11
100
17
20
37
16
32
32
50
51
71
61
16
98
2
89
26
100
60
53
51
17
31
69
53
19
59
36
76
69
96
12
42
56
61
33
92
42
9
24
19
43
3
52
30
53
91
60
3
66
7
85
16
35
85
31
2
93
52
25
26
70
6
57
44
77
46
39
97
48
35
69
27
45
11
79
25
14
34
26
27
66
100
16
59
62
14
29
43
80
29
5
9
81
100
16
12
98
68
9
90
44
43
76
69
53
87
24
91
82
28
35
37
99
7
2
45
3
23
29
42
51
11
76
95
50
32
43
60
58
94
88
13
7
73
54
34
77
91
100
14
46
2
18
100
75
3
11
60
56
9
86
77
97
26
82
65
3
36
51
68
84
4
37
82
58
32
64
52
11
95
30
42
33
81
16
51
62
8
44
52
56
35
85
16
47
27
60
58
9
86
99
47
64
13
79
37
87
58
40
77
11
77
1
67
10
67
45
53
6
21
1
56
72
36
56
88
94
14
53
52
58
55
51
84
77
68
25
1
27
37
100
45
59
41
36
11
17
88
43
35
67
14
98
17
12
97
42
37
25
3
37
89
41
45
15
56
21
100
31
25
51
97
59
79
17
89
70
57
60
71
81
59
41
52
71
63
70
72
12
45
54
50
36
23
12
44
47
48
31
37
36
79
37
36
63
73
40
58
55
11
47
74
97
93
35
76
96
2
4
18
48
67
2
37
97
85
12
72
32
83
21
77
68
21
79
66
87
99
86
56
47
45
67
19
38
91
40
65
64
90
26
78
20
51
18
92
78
17
35
36
94
12
77
27
2
41
82
32
99
77
23
22
18
32
14
18
58
100
92
64
2
20
94
31
64
39
52
86
39
23
77
40
46
94
51
6
81
18
53
72
90
83
93
76
39
76
63
36
37
53
88
14
91
55
35
38
31
4
56
67
62
41
65
66
41
42
91
87
26
57
2
11
35
97
94
99
11
24
90
74
68
50
45
55
92
84
16
9
38
51
86
75
5
64
64
38
45
61
83
86
26
18
23
1
31
98
66
42
24
94
8
77
52
9
28
81
93
7
92
69
1
18
82
44
9
86
65
90
86
76
46
83
99
37
65
54
49
75
35
75
85
63
4
47
5
77
50
82
79
99
83
78
31
60
20
20
85
98
69
6
49
53
87
89
8
61
76
21
32
38
83
4
4
69
98
91
58
5
8
100
18
66
89
4
38
85
73
54
97
95
16
74
88
8
28
39
15
89
86
75
9
30
30
92
15
41
81
77
90
46
37
29
50
21
100
98
58
69
68
12
46
64
12
48
2
3
48
78
59
83
74
80
38
87
20
54
39
89
99
15
57
7
33
53
27
100
3
74
89
1
94
77
94
61
74
19
28
16
62
61
82
6
68
98
98
98
79
64
15
58
27
100
18
2
90
37
49
94
15
74
14
80
33
10
97
2
57
19
26
60
95
34
83
35
54
59
61
40
80
98
65
54
46
29
88
74
54
52
95
56
77
48
62
39
25
41
41
68
76
60
80
45
51
13
4
18
51
97
57
71
80
68
52
6
7
7
4
38
25
43
99
84
68
10
11
40
18
42
29
44
71
13
42
87
96
32
60
52
87
11
7
16
86
31
27
51
29
84
9
70
49
63
100
81
92
6
84
80
88
3
17
80
57
16
100
53
83
54
98
19
71
48
42
80
43
89
56
75
43
91
56
72
7
21
43
11
9
22
98
44
64
94
35
58
57
95
43
39
94
37
81
4
57
57
13
53
37
14
55
83
23
96
88
39
30
66
14
40
80
72
42
57
57
75
18
65
73
67
45
81
86
23
42
16
79
45
72
67
2
44
94
66
92
39
77
34
3
4
55
26
9
64
51
27
87
15
75
49
26
6
69
26
56
29
19
40
46
26
61
96
67
9
45
64
50
60
97
56
89
88
46
76
51
1
34
91
82
27
52
83
26
76
50
21
70
10
24
94
37
18
60
6
6
28
97
77
26
4
63
85
22
24
43
62
35
67
70
18
48
58
56
66
62
51
53
98
39
21
56
68
55
60
14
100
49
36
32
88
55
15
81
15
77
99
89
55
41
43
48
3
98
14
12
78
75
59
71
19
89
87
79
100
5
11
80
42
27
40
30
81
33
40
50
99
72
10
84
33
90
86
63
41
45
46
21
48
59
18
73
72
81
18
92
62
89
79
63
40
11
33
73
91
43
50
38
9
63
18
59
11
22
96
81
54
42
65
47
25
45
51
55
56
65
60
99
18
82
45
80
25
35
78
49
87
45
31
31
5
69
3
43
79
40
29
3
18
68
30
93
32
100
44
64
93
27
12
59
88
77
18
36
2
68
8
46
56
60
20
11
24
71
89
4
17
24
46
10
49
48
67
41
49
46
47
93
88
3
66
34
9
79
73
37
25
72
56
2
89
58
