100
5000
82
33
33
40
62
75
91
92
100
10
57
32
91
98
44
50
65
55
52
31
75
90
44
62
36
26
73
80
54
9
5
12
21
27
80
67
92
30
83
34
94
84
99
60
82
23
60
71
47
10
32
98
2
78
28
10
83
26
53
2
41
87
87
70
63
95
7
39
81
70
10
59
15
25
2
92
91
95
94
8
82
48
26
22
38
77
19
85
27
91
3
17
80
78
62
52
60
56
39
11
78
66
83
18
83
35
45
46
4
90
23
68
36
59
60
79
29
62
8
29
60
42
56
25
92
75
53
46
50
46
64
8
83
31
3
96
65
41
21
96
89
40
64
55
15
29
8
74
28
36
83
24
40
98
40
36
92
12
35
18
83
48
42
50
10
36
95
68
15
6
1
20
4
65
70
15
24
26
87
86
2
42
44
43
31
29
28
99
92
29
53
88
74
25
76
67
29
53
87
57
41
54
53
78
3
99
85
100
4
67
81
37
65
28
13
44
56
18
31
84
98
9
16
5
60
63
44
31
53
74
90
41
81
65
90
48
4
100
68
5
6
62
35
12
50
72
66
79
88
95
29
5
80
52
83
5
98
25
60
55
9
51
13
28
20
33
91
99
44
95
69
43
95
8
20
52
22
42
37
70
34
2
54
94
35
70
79
18
70
48
15
56
65
33
16
47
100
61
29
74
17
79
4
23
28
57
16
98
43
43
64
22
31
3
32
22
20
54
86
90
85
36
14
75
67
89
14
17
32
40
52
14
15
59
35
43
39
21
82
44
19
31
7
43
3
23
94
95
65
20
38
57
45
56
73
25
76
26
81
94
90
11
27
90
57
70
34
72
72
82
90
81
20
84
8
57
82
55
34
87
79
84
86
31
90
47
79
14
45
56
42
56
13
56
16
46
68
26
33
8
10
56
97
82
38
20
97
54
51
99
78
29
25
70
2
95
53
83
9
98
24
48
45
49
3
27
88
72
47
62
85
43
28
68
79
81
76
68
42
86
5
92
92
2
33
28
78
58
56
74
89
91
34
50
30
5
64
85
49
36
10
38
13
72
45
80
33
13
63
15
15
88
56
58
8
54
2
60
81
66
71
55
95
30
45
48
40
61
73
71
41
81
18
13
86
20
66
13
63
46
8
100
91
33
57
37
39
57
23
11
48
54
14
78
4
72
51
21
8
73
15
31
75
100
37
77
50
22
90
18
94
18
23
87
47
97
69
18
50
34
37
89
18
83
100
94
5
91
53
21
14
40
44
47
4
5
60
98
2
97
42
76
16
60
18
51
90
88
90
64
59
46
89
31
86
47
1
86
61
60
11
49
44
93
2
72
31
59
98
97
79
7
48
37
46
62
21
50
23
40
83
57
97
96
45
48
50
61
20
41
68
84
81
50
79
78
29
91
38
19
63
25
28
4
56
55
7
41
9
65
45
43
89
30
79
70
25
27
89
72
30
24
92
74
30
77
80
50
24
29
77
69
3
69
86
7
57
95
69
43
51
2
52
40
92
46
64
68
27
68
94
42
97
39
52
54
18
83
84
21
65
99
88
81
69
81
100
32
75
86
66
34
51
79
71
80
50
9
95
18
80
85
35
30
51
64
27
67
85
60
97
27
6
38
51
45
39
55
70
90
40
83
26
7
94
30
100
17
27
53
70
34
20
39
59
53
9
93
21
79
86
91
96
14
76
55
10
88
23
85
17
86
42
99
44
79
53
22
21
23
36
52
86
47
5
62
57
57
85
60
19
17
45
78
88
79
55
30
61
4
75
29
39
94
37
44
11
49
24
47
93
46
100
26
20
32
69
75
74
99
87
4
37
54
13
31
91
15
45
67
21
7
44
35
58
33
86
30
27
40
50
80
64
64
76
70
60
97
91
17
88
1
64
84
87
81
46
84
95
21
76
76
47
77
43
44
59
62
55
1
18
31
54
94
82
52
10
84
95
84
11
20
74
27
66
18
28
91
63
72
25
77
98
84
19
64
91
38
25
28
16
60
94
33
53
51
65
30
96
53
15
15
47
48
8
56
34
66
70
36
30
85
68
11
29
71
31
54
77
60
8
81
87
11
90
14
12
71
77
58
58
98
51
48
3
52
40
39
61
23
92
74
10
95
97
9
85
83
35
65
31
4
5
80
35
23
3
17
75
16
48
92
69
72
10
6
24
55
84
8
23
69
31
34
16
91
95
14
3
15
34
34
6
7
53
78
5
56
57
88
91
93
68
95
97
7
93
11
96
77
97
18
51
14
91
21
61
94
57
81
99
49
19
99
96
86
98
51
83
84
9
61
58
65
22
75
53
99
79
77
19
28
7
62
75
16
45
97
95
50
81
80
8
65
88
9
60
66
67
20
5
6
82
55
51
58
60
72
53
67
97
56
49
50
88
42
21
1
32
11
79
72
91
91
32
97
37
68
19
4
29
25
84
18
26
54
44
11
24
54
28
73
62
18
83
68
100
56
68
99
47
5
7
33
85
63
2
100
79
65
97
33
25
88
81
8
93
63
93
31
89
92
80
40
1
47
14
3
87
84
77
6
40
6
72
73
24
3
68
52
68
80
25
18
32
51
20
98
14
73
25
65
15
38
73
41
30
59
95
36
93
66
73
67
44
1
82
99
83
47
100
55
99
66
53
91
30
25
83
76
73
93
57
29
75
5
4
12
47
24
26
4
18
70
37
50
73
44
55
3
1
43
50
58
96
2
89
74
49
14
10
24
95
48
33
38
59
69
16
33
27
4
13
76
29
11
79
95
43
74
73
34
8
15
41
46
96
88
82
45
12
78
49
61
34
62
41
76
44
6
75
32
51
40
40
78
54
36
63
5
75
22
2
49
24
91
45
67
54
51
3
9
38
56
87
57
82
76
71
22
50
97
97
16
40
65
19
4
55
49
86
36
21
12
75
84
76
44
82
37
43
98
73
39
82
78
36
53
61
26
55
36
14
18
31
89
15
12
64
64
34
83
79
73
88
48
9
55
22
73
38
64
17
26
77
3
77
57
28
5
95
78
93
64
47
12
17
83
70
34
34
76
15
43
65
46
26
45
90
39
10
22
24
7
88
95
39
5
61
95
50
35
25
10
10
55
29
54
3
10
15
68
26
48
34
10
95
87
62
98
56
26
79
72
27
39
57
98
29
80
93
54
93
10
32
76
57
78
66
93
21
82
58
51
17
24
22
74
36
2
48
57
96
19
87
50
36
91
94
93
1
18
97
57
79
29
14
15
54
99
86
6
67
17
53
9
43
43
60
49
48
61
83
99
41
30
80
7
1
55
79
84
6
86
13
57
90
46
47
53
96
6
76
25
53
20
46
23
12
10
48
21
76
91
52
78
46
22
63
81
61
11
94
3
93
23
15
17
7
50
38
61
93
41
25
11
35
52
79
50
50
70
63
38
30
98
30
74
56
92
35
8
57
6
28
42
95
13
10
41
59
60
81
97
87
99
55
69
8
7
11
93
15
8
79
73
54
11
30
50
65
20
5
99
75
58
30
87
59
13
28
14
94
72
59
31
34
47
85
3
78
100
64
73
55
5
6
100
44
30
47
86
19
99
66
62
82
95
2
53
84
63
70
10
89
52
8
36
40
44
60
51
83
71
47
37
56
21
11
23
32
21
17
19
7
31
7
34
28
70
6
83
90
94
42
66
72
37
73
95
8
7
61
32
7
39
17
6
54
29
42
30
99
45
9
12
50
72
41
16
60
59
83
32
79
100
57
70
11
20
95
12
31
59
56
54
60
3
72
51
16
59
29
6
1
64
4
50
43
33
60
92
48
57
15
1
2
98
24
25
64
73
70
61
71
95
84
46
10
70
93
24
3
53
23
100
81
16
23
59
92
23
75
100
27
58
43
9
45
77
33
11
32
3
79
83
94
66
78
42
78
21
100
100
41
29
48
98
21
100
10
27
18
34
43
96
25
71
34
20
45
65
93
16
71
33
23
100
14
54
38
68
52
70
24
22
71
75
50
81
79
2
73
91
8
16
55
56
30
28
7
79
26
42
10
40
25
10
51
87
64
44
26
44
97
30
78
96
50
27
27
12
10
15
48
28
100
85
9
37
69
98
32
44
41
40
47
19
2
52
62
74
39
57
62
49
82
43
9
17
51
97
72
49
85
39
33
10
1
17
57
97
93
56
77
37
14
65
61
66
96
18
42
4
57
54
64
10
63
17
12
39
89
67
33
93
35
8
35
79
96
3
15
16
29
75
9
55
72
78
45
16
99
8
86
93
74
2
15
93
38
19
38
86
89
20
7
57
62
61
24
51
53
89
6
67
10
88
40
94
37
11
71
88
94
41
40
23
77
100
4
54
55
38
93
79
84
19
66
11
29
91
26
7
55
49
5
28
39
44
86
36
36
33
18
24
91
32
4
75
58
95
1
82
99
14
77
59
13
24
6
14
51
34
35
61
96
19
81
52
37
4
72
44
8
97
77
19
50
35
67
59
4
36
90
33
82
56
44
25
11
65
64
52
78
97
5
56
30
28
86
82
3
29
30
2
73
100
8
53
8
40
45
85
36
23
30
71
28
78
35
51
81
96
40
26
77
61
1
90
20
50
46
35
52
18
21
25
73
27
7
68
98
91
68
98
5
52
9
66
57
74
53
69
73
90
70
56
23
29
56
2
62
1
11
96
53
82
37
2
78
9
47
17
70
78
22
100
80
99
43
64
100
23
76
21
44
7
4
16
34
23
18
74
24
61
38
84
11
52
65
32
8
86
34
92
82
86
83
38
33
60
47
75
27
55
48
16
88
63
78
20
38
71
61
1
56
90
43
19
83
76
1
78
99
89
62
26
8
68
23
43
51
69
16
19
86
1
91
87
3
86
43
47
74
52
6
98
15
5
43
19
49
60
47
21
99
84
41
69
82
16
53
43
8
51
41
26
89
93
49
68
49
10
52
3
29
76
39
36
59
13
86
15
23
73
89
70
22
70
9
60
42
98
44
62
35
39
55
82
21
7
44
15
5
10
96
15
59
40
99
8
2
73
66
15
91
80
78
15
1
15
84
29
69
74
31
83
17
53
65
15
5
56
65
95
96
50
33
32
49
83
35
7
11
37
89
59
92
65
20
61
60
25
12
80
13
97
43
84
41
68
31
88
68
90
43
20
53
63
97
62
38
87
46
4
23
75
77
12
79
81
76
25
50
10
4
80
10
17
6
10
43
95
16
99
20
76
97
91
42
84
3
15
65
44
60
4
94
88
78
16
46
5
97
38
9
2
47
64
29
26
25
48
44
59
100
72
19
68
25
63
91
81
58
51
13
80
39
33
19
17
25
97
100
84
67
13
31
90
87
21
29
49
40
25
70
29
67
43
15
92
70
67
71
30
100
15
20
41
31
38
22
84
70
100
97
55
75
84
92
93
43
26
7
15
81
44
9
77
14
57
97
5
37
75
72
60
17
18
56
52
15
86
29
47
55
2
7
87
33
77
43
37
98
6
94
82
59
22
53
77
47
62
5
60
89
67
11
20
12
13
24
54
90
3
9
86
59
33
93
21
37
87
83
74
69
21
79
73
73
37
7
61
1
94
95
18
37
98
97
67
47
79
54
85
2
20
23
73
5
23
85
19
81
43
82
91
80
35
62
2
94
82
82
68
2
11
35
85
32
10
84
79
14
27
24
29
8
21
54
61
33
36
63
60
96
55
60
86
97
17
78
78
33
61
95
64
94
2
18
93
15
64
78
7
1
71
71
41
73
2
94
90
94
79
67
4
85
66
4
53
53
45
92
33
66
6
31
92
6
26
66
6
2
83
89
42
76
81
42
7
87
17
33
41
95
4
40
78
2
99
4
37
40
68
69
57
76
30
25
9
33
95
71
4
85
14
88
10
4
74
92
22
17
28
76
36
86
87
49
92
34
88
46
25
97
57
58
95
15
52
17
2
35
42
42
29
81
27
62
46
93
85
4
36
54
35
52
93
38
1
6
8
9
67
34
51
23
16
3
3
46
2
71
3
58
40
46
19
97
18
9
13
88
55
15
33
51
35
64
52
13
27
99
13
60
25
35
79
40
60
16
36
51
14
79
62
87
96
50
63
35
3
73
48
95
15
85
45
89
59
46
42
65
65
33
94
87
87
7
5
53
34
57
60
17
90
73
73
22
95
2
23
98
10
23
61
19
74
9
46
48
8
100
68
42
10
16
68
2
9
70
30
44
12
38
76
4
94
22
60
24
70
81
70
62
96
28
17
83
80
13
11
24
30
50
11
90
40
22
37
91
72
55
32
65
90
35
74
67
75
78
50
14
20
13
14
6
10
68
97
90
41
11
88
87
31
83
64
89
99
88
5
2
45
12
84
30
14
27
75
55
10
79
40
73
92
11
35
100
78
59
37
34
9
59
87
97
44
52
32
100
96
82
30
58
6
92
71
19
31
62
76
43
39
39
14
6
45
84
10
5
85
32
62
45
52
92
98
46
83
36
40
79
94
15
16
97
18
62
5
13
67
8
41
70
51
42
13
37
8
25
30
42
86
51
55
13
32
50
40
35
48
97
9
97
61
26
60
79
50
93
25
89
23
96
2
69
18
78
71
99
31
24
30
72
24
13
18
84
100
33
44
31
92
74
83
77
30
100
62
88
85
13
6
43
59
33
98
71
46
94
17
41
95
55
32
59
24
76
97
97
62
20
90
90
32
74
7
42
47
39
65
6
22
87
3
66
78
89
57
33
79
44
45
99
69
22
67
53
6
69
48
63
79
7
14
40
29
64
42
28
67
37
87
47
17
84
57
98
5
43
78
49
51
3
72
6
82
10
16
85
59
66
92
55
14
12
28
10
23
35
22
23
22
5
2
74
80
47
55
24
36
31
63
1
83
33
61
77
51
2
36
50
2
55
89
45
71
20
99
22
77
24
92
17
67
13
54
20
52
1
56
9
93
7
22
72
19
50
92
13
82
87
30
85
42
78
46
55
23
64
66
11
84
86
17
20
100
16
20
48
11
7
25
65
66
29
21
44
48
26
88
92
65
49
80
55
78
2
88
69
50
74
80
76
89
85
66
100
78
9
80
33
21
38
83
92
3
66
100
54
47
13
60
87
35
14
65
68
78
60
94
80
64
14
13
99
64
21
29
21
67
29
100
54
83
65
39
88
19
90
12
1
57
24
48
54
68
53
62
11
49
85
15
61
87
75
78
78
3
31
44
4
68
97
7
38
57
33
45
82
88
22
66
24
46
56
85
31
66
32
100
50
28
71
48
15
61
2
52
91
55
40
11
77
21
9
4
84
11
93
32
1
93
90
6
88
59
11
92
50
54
54
31
89
70
26
43
1
35
60
56
56
100
37
94
86
79
67
57
16
7
84
45
18
23
11
48
98
22
16
45
48
8
74
33
60
23
86
28
98
71
25
66
73
26
65
57
81
88
25
6
47
30
74
69
49
1
7
70
31
65
88
16
22
34
31
86
60
56
44
61
97
54
22
80
8
73
57
12
58
65
31
36
22
40
73
57
33
2
4
100
48
83
52
9
18
45
81
67
74
1
76
87
75
11
52
56
13
2
22
2
4
86
87
77
74
74
64
22
51
57
17
28
12
16
68
50
56
87
8
69
15
5
15
88
68
39
35
10
95
92
16
49
49
34
45
14
12
2
94
88
81
51
68
53
16
24
16
48
90
81
56
10
100
87
87
74
94
64
47
74
23
96
69
42
76
89
83
16
2
8
85
30
48
82
48
77
43
98
5
60
50
46
29
36
68
28
61
73
91
15
70
88
60
5
21
83
5
39
98
100
45
27
42
45
32
85
52
89
80
14
18
16
40
40
95
4
62
64
62
25
81
58
89
87
64
60
76
41
66
15
1
34
28
62
21
89
43
79
22
92
50
10
70
30
28
53
11
27
91
1
84
25
82
81
79
48
82
66
61
37
44
51
83
69
20
52
7
98
38
21
65
52
77
76
2
53
11
12
61
30
59
64
14
9
87
68
17
48
50
44
56
4
75
93
11
20
84
37
17
84
98
41
27
91
32
4
89
74
35
4
91
81
18
50
88
39
64
73
87
75
28
36
65
23
21
33
97
83
12
8
70
25
53
22
91
58
11
58
45
19
96
3
22
16
82
43
63
43
62
98
36
13
93
60
48
5
4
24
5
18
5
65
98
20
58
43
30
13
45
25
22
3
33
64
34
36
33
45
5
72
1
15
76
57
76
21
97
19
2
89
80
52
51
91
33
79
23
5
60
67
70
31
16
13
52
3
7
7
5
51
32
19
5
70
78
52
56
14
9
91
88
14
72
38
60
66
64
33
12
77
78
67
55
42
1
83
63
10
55
51
22
36
11
23
48
88
92
2
1
71
40
92
77
33
6
51
68
47
3
65
15
85
84
85
74
70
29
37
25
34
5
57
31
13
74
9
91
16
62
71
39
48
64
18
88
34
36
78
8
78
60
18
55
54
52
92
69
57
53
26
56
24
73
20
21
30
49
75
44
23
30
74
89
80
15
4
70
47
2
7
43
43
44
73
68
58
38
16
87
52
83
92
81
60
49
1
100
6
52
14
95
92
13
18
11
29
91
41
45
53
25
29
82
51
16
87
34
35
94
27
54
98
36
6
72
16
59
27
58
52
37
4
75
95
18
7
12
81
12
100
6
66
91
68
9
72
94
42
81
46
3
59
45
8
43
31
72
59
56
31
8
28
12
60
78
34
61
5
94
62
37
5
15
17
55
88
59
47
86
55
66
56
80
74
89
84
75
69
13
63
73
40
49
98
95
28
36
51
91
84
4
23
36
93
68
94
88
72
2
44
89
89
99
23
65
23
64
8
55
30
80
46
100
93
48
29
27
17
28
25
27
21
47
28
94
86
48
28
43
91
64
35
36
50
10
20
5
23
30
82
6
83
37
59
99
11
71
47
68
46
97
8
13
84
49
4
19
96
6
11
98
83
88
78
52
5
53
6
94
30
33
35
2
6
16
94
71
85
86
42
74
2
38
8
25
26
84
56
59
90
64
19
72
6
71
44
91
11
83
15
93
5
41
32
24
70
1
15
78
85
77
57
63
82
63
51
68
40
92
33
13
84
14
83
91
6
80
29
70
72
69
62
25
7
33
1
84
36
78
50
30
81
38
50
5
80
24
11
13
99
73
1
58
40
34
9
85
75
91
52
15
8
39
79
38
87
8
47
100
47
94
73
82
7
31
81
20
8
13
4
94
40
7
56
3
20
32
42
72
94
38
77
24
88
99
12
88
64
80
62
16
57
95
5
96
53
97
18
15
32
67
6
56
33
50
13
75
93
22
21
37
74
74
66
84
13
78
58
76
94
25
75
60
3
49
48
96
100
20
3
46
90
90
16
49
73
69
7
87
7
82
6
54
72
55
98
62
26
36
24
63
10
57
28
91
84
27
39
88
31
6
89
20
10
62
49
72
9
40
73
35
84
28
53
32
82
88
64
82
12
50
7
4
91
17
81
63
46
70
43
77
48
2
8
14
69
91
11
95
36
72
88
41
86
37
49
72
14
72
23
18
83
91
52
97
28
71
14
10
9
35
13
8
17
3
68
14
78
92
90
17
66
43
1
98
1
47
43
68
30
73
71
49
55
45
19
6
12
72
29
84
65
74
33
56
6
7
52
69
13
91
20
6
7
82
87
83
68
22
88
35
99
25
13
12
43
90
89
64
55
93
79
70
20
89
88
77
75
43
2
23
35
84
2
52
40
83
2
48
42
25
76
35
34
79
82
91
39
82
92
26
5
19
91
16
31
90
31
75
26
30
41
5
58
22
75
82
1
96
4
88
20
38
80
80
41
68
48
17
3
10
47
46
65
12
26
51
24
70
81
76
69
8
54
100
54
8
65
66
39
3
29
31
58
67
91
65
100
72
28
18
34
99
90
34
94
68
80
55
99
97
63
55
90
14
12
93
88
18
46
34
67
1
61
78
96
22
42
22
76
27
84
30
45
80
24
69
81
85
53
22
20
40
12
85
75
46
25
35
66
67
43
34
45
62
5
2
25
75
51
87
71
44
31
31
26
81
51
13
50
67
13
70
84
13
42
97
85
86
44
89
100
56
99
73
14
10
5
70
70
55
13
65
62
18
79
33
12
78
90
93
85
40
76
64
95
14
53
70
60
82
98
24
93
77
98
85
84
9
50
36
58
42
56
80
22
19
18
39
92
80
98
14
100
39
23
35
79
10
16
64
100
29
25
54
21
45
18
73
56
30
32
84
71
61
90
66
82
44
17
27
81
15
93
86
44
46
28
97
25
89
1
98
24
95
92
4
65
13
87
40
56
91
29
82
63
39
80
91
36
25
61
46
30
67
44
32
98
30
23
90
25
60
21
80
66
28
74
5
34
88
53
34
18
22
22
28
85
39
71
23
80
53
100
93
76
42
78
42
94
91
65
93
42
77
11
70
67
64
81
14
58
14
39
51
45
68
22
97
39
96
75
28
75
45
97
64
87
69
99
67
67
33
15
42
89
96
94
36
50
82
78
56
40
66
83
84
2
67
58
69
1
51
72
64
85
9
98
35
79
29
44
13
54
69
21
35
93
44
36
74
94
14
69
34
29
100
57
81
15
97
57
61
49
17
93
78
10
60
73
90
2
63
89
82
23
85
28
98
76
62
45
41
23
29
61
29
23
52
43
38
72
2
89
11
12
11
46
27
46
20
95
76
38
42
71
82
57
46
53
67
5
7
68
62
8
23
56
56
60
27
24
52
84
55
46
72
7
7
84
87
5
83
28
37
84
6
87
96
30
88
20
59
53
73
14
97
21
47
24
45
70
67
48
5
90
99
48
49
72
92
73
9
54
41
41
4
34
3
66
90
51
28
52
25
74
82
65
64
87
2
34
62
57
37
78
29
73
16
26
68
73
75
28
48
61
96
10
3
89
49
85
36
21
91
72
39
96
90
6
82
3
91
33
15
70
62
30
66
84
69
37
21
97
11
51
6
91
51
86
31
90
15
78
27
10
81
80
70
42
67
19
11
2
34
46
94
57
3
95
66
58
63
54
75
99
21
52
36
61
75
67
82
19
94
38
89
100
80
54
5
65
91
90
81
5
27
44
46
10
91
20
7
90
31
72
14
61
22
83
91
38
80
36
1
42
32
57
67
6
21
96
54
88
76
32
61
71
1
20
2
22
71
40
31
87
76
67
33
56
51
25
21
4
15
58
48
13
31
15
43
56
92
59
23
74
69
68
100
69
35
32
36
94
52
2
5
27
61
97
60
12
31
26
33
41
75
57
30
13
46
29
50
36
29
70
8
9
30
45
99
22
92
36
90
57
46
49
34
81
69
93
73
97
24
43
