100
5000
23
67
72
73
45
1
47
44
31
75
84
50
42
8
34
44
92
9
41
19
35
70
36
38
39
41
7
45
77
69
51
77
56
58
37
18
96
35
98
8
12
85
67
78
19
69
94
57
98
4
61
3
5
18
20
42
35
9
80
36
20
22
73
3
68
89
2
100
87
76
66
71
58
11
36
14
60
34
37
89
23
53
83
84
3
26
13
7
18
34
60
76
47
11
96
48
48
74
75
25
32
59
45
62
87
90
73
88
76
83
83
72
93
85
35
89
4
34
77
70
44
13
42
1
4
65
8
92
19
15
42
58
83
100
22
21
71
78
68
98
59
66
49
24
26
7
86
31
60
42
8
62
74
40
14
63
47
56
80
18
21
76
46
65
26
72
73
29
50
37
94
97
92
46
58
40
92
50
73
17
57
1
8
34
31
69
81
37
74
14
41
31
36
98
9
37
76
10
28
86
6
83
16
60
15
41
78
50
89
1
8
98
44
11
56
93
29
21
43
75
6
70
81
91
24
21
91
7
66
28
16
49
6
29
10
6
72
44
54
68
45
90
24
32
72
87
56
6
74
42
59
8
26
68
82
48
98
42
66
83
49
34
82
38
87
98
98
33
69
40
40
18
36
83
1
1
71
71
1
96
100
83
67
54
20
73
74
26
100
86
90
12
35
60
28
94
37
50
70
24
31
66
57
50
29
7
49
51
5
82
81
21
77
88
89
68
44
98
12
90
45
12
95
42
39
10
35
18
79
68
46
98
94
38
20
8
31
19
48
22
100
4
73
7
40
56
99
57
98
78
32
90
82
47
40
18
63
70
100
21
32
41
76
43
39
99
99
43
28
26
65
59
6
28
56
95
22
73
8
20
49
16
30
53
11
44
41
70
38
18
48
88
83
2
33
92
58
92
79
44
28
22
72
57
29
34
100
30
30
93
77
89
57
13
24
45
16
86
59
67
67
96
81
44
36
58
28
26
25
27
24
33
20
98
16
63
24
38
27
88
7
80
22
62
64
80
87
79
78
92
31
94
69
38
45
76
8
1
43
1
24
61
43
46
40
66
24
59
26
68
83
97
15
45
93
1
59
86
45
32
7
84
15
29
34
85
76
73
67
45
92
50
45
72
32
61
30
4
19
13
90
11
21
82
27
72
3
98
51
57
27
77
9
95
8
82
52
16
40
57
67
28
33
81
61
44
72
91
56
24
28
14
75
56
6
80
21
88
7
51
63
11
68
81
93
74
38
26
89
29
3
99
20
66
18
4
93
19
36
80
31
12
51
65
76
100
19
16
43
69
52
32
17
55
64
26
43
30
33
49
17
7
70
74
53
84
71
65
15
21
71
41
82
20
84
55
82
56
35
19
60
32
97
40
11
52
79
24
60
2
83
97
41
91
35
56
24
7
98
80
90
85
18
79
17
89
64
82
82
64
15
43
22
85
98
72
39
76
38
25
88
15
6
34
79
54
36
56
88
75
41
12
79
87
33
40
92
98
96
91
2
82
59
85
74
60
9
67
99
15
65
7
1
5
42
72
21
87
90
80
92
36
82
13
30
85
1
98
25
94
88
60
84
61
100
42
55
72
42
90
79
8
94
75
79
64
54
66
25
48
98
74
1
90
33
67
43
96
33
58
44
2
9
32
82
2
84
18
63
90
35
54
40
68
45
87
37
59
5
32
41
23
46
36
41
10
86
44
74
68
26
16
30
89
5
6
44
48
41
83
51
70
66
47
92
66
75
72
65
11
22
80
7
51
46
47
69
57
15
3
4
81
52
62
64
69
16
1
71
10
99
36
85
1
30
42
76
81
41
15
71
30
53
52
80
33
47
53
49
35
1
59
74
43
60
11
65
3
34
69
33
87
78
91
65
6
99
86
7
61
54
87
97
27
65
41
44
93
54
53
13
81
39
50
9
87
66
25
60
68
35
60
45
8
79
58
87
9
70
92
32
51
75
78
8
43
19
51
46
7
96
10
98
47
16
1
81
23
62
25
19
56
36
91
71
63
39
21
51
58
84
50
65
16
18
31
80
63
69
63
81
18
11
34
55
92
66
35
85
82
12
9
32
7
34
96
22
62
9
27
18
70
34
65
78
94
6
71
72
41
73
43
54
59
95
52
78
56
19
21
69
53
78
91
36
7
29
98
55
64
21
50
1
99
97
12
3
11
98
50
76
34
3
34
81
69
12
91
15
43
67
23
91
71
26
24
87
36
79
57
89
34
61
60
4
35
8
43
39
15
38
82
20
4
60
68
7
55
46
31
95
18
64
44
93
42
30
13
18
88
70
35
31
99
20
25
62
96
15
58
3
92
81
11
54
27
8
96
27
8
53
59
88
84
6
3
46
20
70
87
33
25
44
94
27
26
15
47
93
89
80
19
71
96
100
96
32
100
46
67
75
60
60
21
37
97
6
19
76
10
4
77
18
86
94
19
27
33
84
100
90
89
14
73
34
37
2
83
15
35
47
58
38
78
53
76
71
59
58
76
38
41
57
71
43
4
19
65
7
30
71
74
30
59
19
14
52
1
93
24
30
10
68
99
31
72
55
3
6
47
21
44
18
83
74
65
35
13
22
80
100
37
52
40
33
74
29
6
96
81
35
20
38
8
73
45
62
60
35
39
44
44
48
68
60
39
19
66
97
24
4
66
54
20
52
29
15
15
81
2
44
65
92
94
40
50
75
79
53
100
74
10
57
8
56
26
8
84
60
36
75
3
74
91
55
15
24
36
12
56
57
59
11
91
89
46
72
69
50
51
88
19
38
87
32
83
9
9
46
9
94
65
30
39
56
65
96
59
76
46
78
12
52
33
24
100
39
26
44
72
66
77
21
66
83
50
74
10
75
63
18
86
91
12
92
92
33
51
44
77
43
50
90
74
30
81
45
82
6
59
14
76
10
11
91
34
13
96
6
99
53
96
69
33
10
2
80
83
65
61
63
100
99
13
64
71
46
7
68
8
3
52
71
65
75
26
65
33
14
56
99
97
92
49
90
47
65
43
94
30
21
68
34
60
56
6
48
85
41
80
64
50
61
52
74
41
55
38
44
99
97
36
70
85
88
94
89
7
50
12
56
76
82
92
55
75
36
41
88
61
59
87
3
95
4
20
52
95
77
55
39
39
86
42
67
64
50
44
50
90
17
79
48
87
5
90
42
3
31
69
76
72
8
20
23
45
19
10
75
47
34
36
81
88
20
69
57
14
84
84
96
96
58
16
43
51
49
1
26
95
56
48
55
9
32
44
16
64
14
4
52
98
89
95
16
86
68
17
74
58
78
87
67
90
80
14
5
56
5
55
2
8
1
34
77
90
86
58
1
57
66
100
11
15
49
43
97
67
5
27
7
4
50
48
39
53
16
18
14
41
8
12
35
73
15
14
71
60
70
68
68
16
92
29
53
89
45
47
68
94
59
84
77
79
88
91
86
51
36
45
29
19
62
68
87
74
65
35
32
14
92
16
77
49
44
24
76
75
32
49
15
75
50
58
46
52
4
41
69
27
98
99
87
15
4
4
67
52
22
59
17
62
19
36
96
51
76
36
15
100
8
16
32
72
58
70
5
53
100
23
54
62
44
9
22
35
84
89
40
5
22
41
93
38
9
80
77
67
63
78
85
59
35
74
70
55
91
70
2
80
36
33
45
6
16
81
71
67
69
51
45
55
41
35
24
26
100
4
54
9
46
99
69
96
35
18
90
55
14
75
4
18
55
17
60
60
3
73
97
38
30
52
54
81
34
46
31
64
38
10
70
71
99
86
44
13
6
69
40
44
74
60
9
68
59
42
73
37
73
3
4
41
66
82
53
15
90
8
89
47
45
47
73
10
54
71
65
57
88
30
90
62
98
48
94
17
63
36
74
63
88
48
58
15
17
23
48
17
5
54
35
38
50
33
98
3
9
98
77
70
63
62
13
57
22
22
90
3
84
46
47
6
85
28
21
30
81
23
4
93
32
86
82
1
64
61
70
84
38
78
78
22
44
29
64
96
15
73
65
62
10
33
6
85
44
87
24
49
92
77
52
88
4
62
85
6
50
19
36
2
66
74
91
81
56
99
96
88
65
17
76
59
45
76
15
32
93
44
69
31
47
23
74
25
78
100
26
64
69
58
41
28
19
95
93
28
75
16
25
37
24
88
92
59
86
34
50
61
81
67
25
36
34
57
3
28
23
81
50
22
89
17
27
36
95
52
16
5
15
34
55
6
2
50
67
67
42
27
34
52
63
38
90
60
8
35
53
30
29
37
91
98
8
18
73
84
61
35
67
60
64
92
37
68
66
14
27
25
86
51
69
54
55
42
78
37
49
80
21
40
37
1
92
53
71
100
44
47
53
24
70
52
83
6
19
81
7
61
22
40
23
5
12
29
90
19
87
92
18
79
24
95
42
97
27
20
73
82
35
36
53
63
1
85
36
78
88
7
69
59
57
15
87
98
24
78
45
47
94
63
16
88
51
77
90
32
75
42
45
75
57
6
1
87
7
7
78
30
16
5
78
94
7
95
71
97
19
7
58
49
53
45
17
5
10
93
35
99
41
45
32
78
61
47
62
76
33
20
44
89
91
11
1
47
44
29
1
39
7
69
68
88
12
17
86
35
71
22
88
49
56
47
57
94
98
82
100
79
89
63
71
96
50
67
76
26
92
31
36
44
37
64
99
96
89
80
42
29
78
91
45
91
53
34
98
60
85
28
26
30
5
40
11
66
48
80
64
16
45
80
94
14
49
39
33
75
37
85
16
77
45
41
38
29
79
60
48
68
63
60
6
100
32
22
23
1
70
13
45
61
76
79
13
60
46
59
90
34
31
47
73
92
77
44
31
53
49
61
52
95
90
92
67
7
36
14
58
68
85
43
22
12
40
69
76
33
29
52
34
26
3
59
20
76
66
41
12
56
70
31
21
37
98
79
28
57
21
17
16
72
49
67
16
50
68
40
99
93
44
100
57
94
74
89
42
40
67
42
38
79
28
31
68
54
9
68
63
97
76
1
33
86
85
10
53
91
87
79
4
100
96
11
98
76
35
12
4
52
69
96
27
53
77
4
91
12
54
88
16
92
56
69
67
28
84
97
26
4
14
11
60
80
67
85
80
68
66
100
94
74
30
21
14
3
46
5
59
70
16
7
98
91
51
7
23
75
48
11
54
39
70
78
49
31
72
75
83
8
72
100
74
37
41
77
98
62
7
49
14
56
34
43
92
39
11
34
39
94
41
95
65
40
53
91
84
12
13
36
78
32
26
87
69
11
14
46
81
26
21
64
20
57
69
10
26
13
53
17
28
57
18
88
62
56
61
71
90
86
20
25
85
45
95
40
79
49
68
58
69
92
16
33
59
39
42
93
13
24
35
60
58
45
1
66
5
5
83
28
63
65
2
73
10
29
98
11
84
61
28
36
99
69
46
92
24
69
87
92
77
14
83
75
6
73
89
66
22
80
36
30
10
96
8
20
12
43
80
80
24
72
39
6
44
7
13
90
40
16
77
58
20
67
74
78
40
15
26
59
79
41
97
28
22
62
61
32
82
53
73
73
57
24
26
50
18
55
59
77
26
23
32
31
91
40
91
78
70
22
24
75
50
21
7
27
90
20
89
7
39
64
3
15
27
28
86
60
63
67
63
8
87
78
2
51
38
30
1
1
62
93
31
46
31
33
82
50
64
24
48
51
43
98
49
91
3
80
45
91
41
2
61
29
82
31
41
5
96
49
73
12
71
76
67
89
86
13
53
99
19
50
68
96
12
98
73
37
68
30
68
3
21
48
25
54
14
56
63
73
63
32
53
5
77
96
89
61
82
22
65
72
82
95
21
66
65
59
37
46
85
74
68
65
7
84
32
78
9
33
33
3
12
53
51
3
51
41
6
23
65
54
51
7
27
3
32
43
4
14
95
33
30
43
73
21
60
87
18
56
43
91
54
16
20
8
7
10
85
59
88
16
87
30
81
83
52
14
5
84
15
51
95
52
13
89
50
47
84
55
37
85
39
17
35
68
87
26
36
4
66
43
10
25
100
6
40
95
19
52
12
96
89
2
26
62
84
92
20
9
88
19
60
20
95
48
47
73
35
35
68
27
8
75
58
50
71
16
96
71
86
90
55
59
55
54
2
20
84
18
73
95
69
41
45
46
79
31
52
68
99
41
23
100
96
25
15
96
29
54
65
86
65
36
49
29
86
82
75
60
96
34
63
73
1
49
60
57
83
13
14
6
41
69
72
45
20
48
63
2
81
67
41
96
75
25
61
32
11
49
70
19
29
30
24
55
22
11
24
7
38
17
85
22
6
22
86
49
82
40
88
40
73
14
2
53
74
83
73
28
43
34
31
91
85
12
100
30
20
73
52
48
58
45
87
21
49
38
19
8
44
59
70
15
25
93
98
29
84
66
7
64
58
41
7
43
95
99
79
34
49
91
66
94
60
40
38
17
71
80
77
81
89
28
23
29
59
74
89
52
94
16
97
32
60
72
89
98
84
54
89
44
53
89
69
90
85
75
49
10
77
52
41
28
92
56
82
10
12
71
12
80
23
93
10
3
73
18
54
23
74
11
70
92
7
68
4
20
27
81
4
36
59
51
46
41
31
97
71
43
33
18
58
37
10
58
3
60
89
97
88
100
88
87
18
72
92
96
42
74
11
2
12
88
59
50
80
50
55
19
30
57
39
19
95
92
75
21
40
98
44
44
78
64
18
64
4
100
25
7
78
24
36
100
99
32
58
43
83
99
80
98
2
55
11
64
76
41
56
61
59
7
99
39
28
34
38
93
28
77
51
57
98
58
98
61
25
67
77
88
6
100
6
80
10
56
10
16
43
20
54
19
6
86
5
100
82
58
7
69
12
49
28
50
8
95
100
43
15
86
92
85
76
2
11
66
70
34
63
77
28
96
37
98
74
53
80
78
29
59
44
71
62
12
33
69
25
59
57
44
81
71
83
40
4
5
17
4
9
71
65
25
43
26
46
94
59
59
60
7
46
24
43
96
1
19
4
50
47
53
20
86
73
34
36
92
36
16
82
40
29
20
97
100
51
75
25
22
34
50
4
78
78
78
32
40
3
89
55
93
79
64
14
57
19
58
32
91
50
62
64
45
79
50
46
98
53
57
27
11
53
12
58
23
9
12
49
93
21
79
60
75
46
46
81
92
39
18
18
27
54
90
77
91
17
68
50
42
96
51
79
96
94
100
30
40
13
74
4
32
87
12
45
47
1
29
8
50
14
52
90
93
92
59
15
91
68
14
38
54
65
7
56
21
10
20
32
18
5
77
73
50
42
93
95
36
8
8
48
23
65
28
72
46
77
51
72
32
22
93
1
87
4
8
42
25
42
61
97
47
87
20
33
16
4
62
90
55
91
7
64
13
95
31
54
87
19
31
56
2
100
50
27
94
28
84
35
77
23
54
64
45
38
60
97
60
20
61
91
67
3
72
4
92
51
94
82
9
99
31
49
98
83
81
7
33
76
31
92
50
66
40
57
63
83
58
68
77
44
43
28
78
47
31
32
64
70
75
35
31
18
20
4
25
87
10
100
13
74
93
53
62
91
1
33
28
18
2
48
78
93
21
9
24
38
89
85
99
69
40
57
47
47
75
34
14
16
62
22
56
91
100
98
80
65
41
16
1
69
15
24
79
79
82
100
52
2
24
10
65
82
28
30
33
14
61
6
17
25
1
8
83
54
47
34
79
56
42
22
7
49
41
32
44
1
90
10
55
28
50
58
43
79
80
55
28
88
100
58
7
40
66
72
25
91
86
7
67
22
25
33
62
79
14
50
50
85
42
98
39
93
95
45
80
15
62
50
87
29
67
53
58
57
8
75
29
16
87
7
13
17
91
92
34
27
31
36
1
27
84
43
14
55
77
81
75
89
7
79
57
42
92
74
42
51
18
56
80
26
80
35
45
40
36
59
52
58
29
2
80
92
75
93
92
41
85
47
81
46
3
67
71
63
88
83
59
8
79
26
90
14
97
6
17
84
13
18
69
40
26
91
47
29
77
53
49
63
46
33
69
100
31
35
30
42
84
24
63
71
93
12
88
62
54
43
25
68
17
30
71
85
10
90
81
100
45
74
6
22
54
67
7
15
28
68
92
57
78
40
22
53
69
28
39
25
26
17
53
41
26
40
9
23
69
88
74
78
78
82
50
25
7
33
58
4
83
90
75
48
74
3
36
31
33
65
89
39
14
53
41
46
35
38
46
40
60
84
31
28
72
8
79
93
67
5
88
28
88
85
10
17
73
44
14
83
44
71
68
54
35
32
61
38
17
26
35
88
74
95
58
92
15
88
16
34
39
88
10
8
49
70
9
88
79
79
11
52
85
81
68
79
19
28
72
25
41
78
62
8
28
85
33
86
65
37
96
56
18
42
77
70
94
91
2
55
40
18
85
32
93
25
27
89
31
28
27
14
14
36
3
28
45
28
97
15
29
40
91
31
78
48
1
7
93
24
50
48
56
43
68
91
40
63
2
96
56
96
3
3
47
55
49
84
8
12
87
49
82
60
62
43
14
70
73
36
20
9
3
86
95
12
12
30
72
93
6
79
54
82
68
12
31
69
93
16
42
18
76
10
91
51
89
30
11
6
22
49
98
40
95
24
22
85
100
39
7
74
55
66
62
92
7
58
56
22
100
10
78
14
93
15
91
40
1
27
38
90
11
11
87
65
54
65
21
25
2
58
40
15
84
30
67
26
6
43
90
2
43
61
100
2
18
51
85
78
94
10
91
92
72
67
99
57
51
88
12
55
8
48
71
86
7
98
26
11
74
2
32
81
10
100
38
37
47
55
13
70
98
17
80
45
83
41
20
27
36
19
10
48
29
66
5
21
37
79
75
8
80
42
91
25
93
45
63
65
58
1
6
15
69
93
21
20
75
74
76
50
19
54
47
59
48
57
30
86
55
72
69
100
33
16
69
26
84
28
63
53
5
64
31
76
38
3
9
48
59
39
1
75
70
2
70
65
21
88
15
94
1
1
86
12
58
94
16
23
72
86
73
73
62
80
80
96
48
58
83
1
5
8
15
75
77
69
24
64
62
49
69
34
100
11
21
78
63
33
51
36
98
16
20
9
64
21
67
19
84
92
45
24
93
84
78
69
32
76
34
64
23
81
24
76
11
24
38
58
48
54
53
11
91
73
60
95
65
83
37
36
10
39
74
42
80
13
30
83
15
20
92
46
19
95
45
42
100
69
20
93
29
24
34
86
49
70
94
12
8
40
70
11
100
55
59
27
69
21
72
72
33
77
38
80
42
16
31
76
77
11
46
73
93
43
91
7
5
9
49
80
3
12
80
93
31
31
17
83
50
37
66
38
40
7
29
94
43
71
39
82
31
100
86
82
4
92
40
77
35
29
25
98
97
52
8
9
64
23
91
23
28
54
81
74
74
96
31
1
74
14
14
5
73
39
64
58
87
40
50
55
15
63
19
49
9
91
15
34
83
73
32
41
17
56
80
42
92
56
24
93
95
1
31
83
11
1
80
85
78
16
67
4
88
21
19
37
49
87
24
9
17
2
93
70
63
9
27
9
55
3
29
45
86
34
13
74
69
11
47
85
17
49
85
97
51
49
87
45
82
8
74
55
80
100
25
34
43
73
61
59
95
13
89
32
80
79
31
61
91
17
22
46
66
82
11
37
21
12
77
19
35
10
88
9
29
20
9
29
21
95
47
66
2
30
12
93
64
20
68
34
21
55
41
26
91
91
86
98
53
43
96
40
36
69
1
9
82
90
12
12
60
40
64
97
5
73
30
81
25
12
38
50
76
52
58
53
17
18
42
27
60
27
45
6
9
48
76
87
4
25
21
40
48
8
22
17
82
88
76
81
81
15
48
29
12
92
54
43
9
20
70
80
69
2
79
94
67
79
73
59
17
83
46
27
28
15
76
33
54
89
25
30
28
96
22
13
20
17
81
99
23
67
61
40
54
63
92
17
50
97
64
43
7
43
82
46
77
12
75
79
66
73
30
76
85
34
21
88
96
19
26
43
3
53
64
49
25
75
78
36
67
7
69
13
30
45
67
87
8
45
15
1
49
64
83
99
81
83
1
15
89
30
2
98
38
36
84
80
74
90
39
80
82
66
81
33
99
26
94
15
68
85
89
64
60
88
86
56
87
40
19
3
10
13
10
41
9
57
78
90
52
6
48
81
84
35
63
3
20
23
62
76
57
32
51
23
16
71
37
16
48
65
4
88
45
71
39
91
41
71
32
47
73
31
67
36
79
97
24
4
49
1
79
94
10
63
42
69
66
93
9
52
73
15
49
15
24
36
73
1
37
3
13
96
5
92
58
62
69
12
100
52
91
49
66
82
10
19
4
78
82
88
11
14
1
16
32
90
75
38
54
28
27
62
27
63
26
49
15
48
94
60
19
10
45
23
65
87
52
39
76
18
65
76
48
73
76
63
1
38
27
34
2
75
96
31
78
1
77
21
55
23
96
48
66
17
96
74
59
99
96
88
2
54
65
55
5
26
30
17
80
97
84
14
27
86
4
5
64
58
48
74
59
67
12
71
46
68
76
33
24
75
2
29
1
12
19
60
34
73
26
86
39
78
87
21
32
21
24
3
75
37
4
88
48
18
26
4
58
63
54
78
64
40
12
24
47
87
96
4
98
18
31
71
15
11
37
95
74
82
28
95
87
32
73
60
34
88
42
44
81
80
29
55
47
21
37
7
76
89
99
99
82
32
91
96
49
66
71
39
75
10
10
11
41
9
28
83
44
99
14
71
20
65
48
89
21
100
31
7
53
77
45
59
60
27
49
12
78
90
100
8
63
95
54
75
53
3
69
56
29
34
34
83
53
60
15
34
54
29
47
4
82
7
31
60
72
32
2
98
61
79
74
74
14
84
11
9
92
25
42
71
14
82
56
1
66
25
6
35
23
9
10
5
24
25
85
18
39
79
59
41
9
94
7
68
80
18
86
57
49
28
54
56
12
21
70
22
88
40
5
93
88
12
40
83
21
17
11
63
73
15
14
49
69
95
33
21
77
48
85
97
43
88
60
20
7
20
72
62
11
91
46
63
28
70
3
9
62
91
54
66
27
72
46
31
71
41
81
62
77
6
33
8
80
41
27
89
36
72
37
26
25
5
86
4
17
77
60
52
9
12
97
38
75
9
67
33
35
76
60
10
100
87
97
35
11
20
63
5
86
34
81
67
16
7
67
86
26
16
20
71
83
22
79
19
48
61
15
86
51
32
37
6
30
33
81
35
93
83
75
46
60
5
98
7
93
63
97
79
38
58
47
30
60
79
3
36
68
43
62
49
58
63
79
