100
5000
79
35
65
64
15
52
11
86
73
5
51
64
5
50
10
16
14
47
14
36
34
14
38
14
28
31
21
38
50
32
75
72
84
11
49
39
42
35
90
26
25
89
62
55
21
78
3
91
71
63
80
56
75
48
47
87
85
78
32
98
11
15
71
88
3
53
74
19
75
49
13
17
38
18
81
17
2
26
25
37
17
50
31
88
19
4
97
7
45
92
4
51
73
97
9
64
9
60
86
60
61
30
19
84
13
6
72
95
42
23
96
97
29
67
71
93
78
42
66
93
99
37
20
42
78
8
79
49
60
4
76
14
61
18
9
30
54
50
2
31
29
98
74
23
29
98
60
3
80
94
13
59
85
66
56
32
98
72
61
9
57
31
34
32
96
7
47
15
69
69
45
44
36
22
36
13
38
92
57
95
57
2
70
48
24
95
59
34
63
51
32
6
53
82
68
95
45
21
12
76
85
17
52
51
79
36
73
9
34
44
54
3
26
60
4
92
39
31
58
83
42
71
34
9
51
51
67
21
34
76
14
79
29
95
18
25
95
15
89
88
77
10
6
90
79
76
5
22
28
95
66
94
86
18
50
69
86
2
91
31
44
10
85
78
34
48
83
81
76
68
36
98
56
89
8
30
21
49
23
19
8
17
22
49
27
43
85
20
91
88
6
25
8
94
47
90
71
5
37
60
19
63
64
85
57
63
17
77
18
100
94
15
95
61
70
20
5
52
90
50
59
74
11
14
68
13
69
11
42
56
32
52
97
47
72
20
36
19
38
26
77
57
15
11
29
66
54
60
63
33
11
4
31
26
86
78
4
77
45
84
12
77
25
71
98
48
91
97
40
68
45
57
21
52
93
69
7
76
100
60
83
9
3
78
21
44
28
22
92
55
75
1
70
47
70
8
25
79
3
55
13
66
100
60
94
4
16
71
44
28
60
38
33
62
47
16
19
100
93
76
39
10
91
17
17
36
67
22
34
77
72
88
25
36
51
64
79
22
85
10
57
1
91
88
66
4
94
85
86
27
42
65
27
25
21
17
26
59
6
16
13
48
56
62
13
87
7
48
54
27
48
46
63
27
19
6
67
21
50
76
61
68
18
85
26
96
11
11
38
69
36
6
21
37
42
50
87
61
34
64
5
62
38
2
12
29
86
48
18
22
94
29
14
6
62
56
84
69
21
14
83
61
20
79
8
19
43
13
56
60
43
67
78
40
60
51
47
73
23
66
48
70
95
98
53
78
72
74
53
7
76
84
29
2
92
16
53
26
97
18
100
24
89
6
4
83
31
58
71
69
21
27
69
14
41
76
58
81
44
29
52
62
81
34
29
77
40
54
39
36
32
6
63
83
87
23
46
72
55
73
64
13
86
85
72
37
89
50
2
45
16
39
25
17
17
46
15
46
39
72
29
6
90
7
23
3
63
27
44
85
11
51
98
32
55
66
97
46
31
4
38
6
26
8
84
28
21
34
35
54
8
27
39
4
36
53
62
11
14
14
94
79
69
34
71
69
24
81
37
10
12
70
10
51
17
64
34
30
3
93
67
19
12
5
92
99
1
89
85
62
91
26
55
29
90
77
79
61
48
78
91
75
49
1
89
47
34
22
9
84
12
97
65
4
95
6
10
43
76
82
98
91
71
100
33
70
58
17
88
87
64
38
97
26
59
8
72
78
72
52
93
98
65
51
43
65
10
100
82
5
97
9
61
17
91
15
74
87
25
39
79
29
14
60
53
23
11
79
85
98
76
31
62
27
62
7
89
87
86
54
39
7
93
42
69
5
86
52
64
47
67
78
81
67
34
5
4
38
54
20
17
13
100
10
54
56
86
14
59
55
86
31
60
93
30
53
5
88
40
37
41
55
73
91
4
25
47
47
75
41
12
9
29
26
12
44
53
95
25
82
79
98
43
69
16
7
48
35
20
35
22
55
97
26
17
92
25
34
63
14
16
62
59
13
44
30
4
43
77
35
60
2
100
57
100
75
88
72
47
47
15
46
61
49
54
33
49
47
63
53
20
50
59
39
84
19
81
57
38
9
35
66
82
85
66
23
30
12
3
93
47
23
29
4
49
42
83
36
16
7
58
92
27
23
70
8
56
26
58
66
68
14
72
1
98
85
41
32
70
35
94
81
99
92
80
56
27
62
24
44
73
4
59
33
78
1
89
53
2
38
15
53
60
35
26
26
91
91
29
82
53
80
73
78
24
81
44
73
74
58
14
88
39
86
55
25
6
48
16
10
8
19
46
12
15
78
46
36
34
77
6
22
66
49
22
42
55
46
61
10
18
57
62
83
99
68
51
72
77
9
94
63
88
85
88
6
68
7
66
16
11
61
100
87
4
9
89
38
29
96
2
99
96
85
70
25
43
82
25
63
47
44
70
95
71
75
39
78
94
14
41
62
48
14
80
31
75
45
100
67
87
80
82
4
19
45
83
54
58
2
61
40
76
87
15
69
17
36
17
69
20
11
27
59
20
25
57
70
15
36
42
69
42
50
75
62
23
91
23
38
98
100
48
93
73
26
40
20
47
33
45
13
92
5
85
29
80
38
50
40
96
48
43
54
58
93
33
77
21
86
15
59
10
23
2
18
22
9
90
37
46
28
30
21
75
26
85
44
2
74
97
77
53
18
79
52
28
58
61
53
93
64
75
78
93
49
20
71
18
28
22
75
9
19
40
23
41
65
70
30
39
16
44
45
89
78
17
17
9
29
17
43
66
76
48
37
13
7
75
72
71
84
27
55
91
18
43
35
67
31
55
27
99
46
34
80
28
52
14
99
91
34
63
29
38
67
21
20
98
49
73
83
97
39
25
60
73
94
80
77
47
88
63
38
38
59
65
25
64
26
21
98
43
45
80
28
42
43
28
38
38
57
81
44
51
20
37
100
29
11
1
29
79
28
21
96
14
87
32
44
41
74
95
30
67
1
52
29
32
72
59
80
40
54
53
69
75
10
34
67
20
84
99
90
36
43
19
27
76
37
18
46
76
96
30
73
17
59
15
14
30
33
64
19
61
49
25
26
65
66
60
1
59
72
6
80
71
24
89
78
90
85
45
85
65
48
92
31
25
36
26
37
1
2
57
76
9
75
26
61
93
37
36
94
60
86
56
38
43
92
74
82
14
39
92
50
40
50
93
54
42
54
42
14
45
17
11
93
29
29
71
23
18
79
18
84
29
12
75
51
18
44
74
28
78
92
90
44
2
15
23
46
71
62
51
75
28
83
49
70
11
46
31
71
11
100
94
66
87
63
95
83
70
31
100
62
64
73
49
31
49
27
55
90
55
100
24
90
75
7
79
68
26
18
39
11
39
67
10
75
93
66
94
3
4
97
3
55
68
15
96
24
74
33
57
29
47
9
74
26
13
1
90
40
81
70
16
6
62
26
51
10
24
15
42
39
30
4
98
31
58
13
88
23
19
19
45
32
30
24
10
81
84
3
57
24
93
88
31
74
2
78
83
70
19
81
43
67
51
25
8
85
31
23
100
97
88
41
10
29
8
32
71
53
21
54
11
83
68
90
22
57
70
41
42
32
94
100
83
29
41
50
82
36
22
47
9
13
14
50
47
30
72
3
73
38
59
63
10
34
70
4
15
55
85
32
15
9
67
25
48
10
6
63
96
72
79
93
81
83
81
9
91
77
40
74
93
94
12
1
78
35
27
93
80
70
91
60
93
17
22
42
3
10
22
39
79
96
1
9
81
94
67
83
92
58
62
70
30
18
91
49
36
54
49
89
18
61
85
11
42
38
81
48
5
85
40
31
33
49
68
66
26
38
71
28
46
67
1
88
11
88
88
66
28
43
53
6
47
15
26
10
52
4
4
18
51
76
14
70
58
48
43
97
4
13
38
74
75
60
100
92
37
43
20
36
56
91
89
40
27
45
51
64
30
21
55
93
1
42
29
9
98
91
78
43
59
64
13
6
65
65
36
74
12
43
1
75
5
47
33
24
51
47
86
6
21
22
69
62
57
66
95
74
12
39
69
87
10
73
86
38
12
67
68
58
25
29
4
33
30
98
12
72
100
38
39
22
18
86
13
51
98
52
53
88
100
17
39
65
71
40
75
7
25
74
76
44
77
96
85
71
5
44
76
10
65
64
1
91
1
45
90
4
44
12
25
4
95
32
52
36
23
23
100
1
8
60
48
21
61
63
36
45
76
71
75
5
66
71
62
8
65
67
30
62
11
24
86
44
3
68
29
15
90
24
67
27
37
45
74
70
72
33
49
12
12
17
33
65
35
67
56
4
21
97
9
99
12
100
43
50
47
80
90
65
95
71
57
76
9
45
83
11
71
27
35
84
82
69
23
16
46
34
33
7
79
85
26
17
75
5
77
2
31
90
76
24
14
9
19
41
47
82
75
63
49
7
1
19
5
15
76
71
43
48
3
14
85
30
54
61
58
54
83
44
37
81
43
78
17
29
2
28
86
15
63
73
83
44
53
85
89
96
19
97
51
1
19
79
42
75
30
86
34
79
5
49
14
35
76
13
52
63
81
6
76
60
86
67
20
8
6
34
73
39
76
14
42
76
35
51
7
38
48
42
52
59
6
96
17
60
100
81
21
91
15
92
77
40
36
33
30
83
6
42
4
28
15
3
27
69
79
75
87
79
1
75
50
96
55
41
60
51
80
79
11
7
100
66
41
29
22
83
23
12
52
61
14
20
99
76
85
19
74
7
17
13
28
45
3
97
16
15
45
53
90
63
48
33
52
48
14
31
46
98
68
7
62
36
61
61
65
49
9
19
30
47
94
17
53
41
41
85
38
99
56
53
81
1
54
11
92
87
74
8
45
62
86
36
77
13
3
85
66
55
34
11
86
38
21
38
37
48
78
63
92
50
12
20
76
71
44
31
76
78
90
48
87
45
86
51
14
84
76
5
63
73
13
78
75
53
75
14
63
20
92
9
31
56
87
78
89
63
49
1
5
21
14
34
90
80
16
77
20
37
94
21
38
53
27
87
25
62
48
86
13
17
52
46
43
5
92
91
82
99
42
22
5
3
2
84
20
36
84
43
74
17
6
45
79
6
91
99
40
3
99
100
97
80
79
25
75
17
100
100
98
16
92
53
49
38
20
25
47
84
47
8
30
60
73
12
41
9
71
81
81
82
89
97
96
37
3
30
85
23
29
89
34
5
88
38
44
43
70
38
49
98
5
23
38
15
37
91
88
8
68
9
86
22
23
36
38
74
1
2
44
72
54
17
12
90
53
35
88
42
37
24
96
3
89
11
55
96
31
63
32
53
88
95
8
23
46
90
84
60
85
81
59
67
94
34
85
77
98
50
63
20
47
27
57
37
82
18
80
42
2
91
12
37
17
21
36
23
72
56
49
59
62
62
59
19
80
6
81
79
50
99
79
28
97
93
37
51
16
10
64
99
31
81
75
78
21
64
80
18
40
92
23
4
72
19
88
98
98
55
3
30
49
86
3
96
48
99
66
57
46
67
95
9
99
77
48
61
26
84
9
41
17
98
75
6
99
18
1
67
51
11
64
40
25
30
46
45
34
67
83
58
48
73
56
11
49
31
63
14
95
70
76
55
94
97
21
13
100
92
75
93
73
22
91
85
56
13
2
25
3
23
55
81
59
18
50
86
56
96
49
42
15
15
3
54
85
37
32
43
54
66
93
21
56
67
40
23
75
93
20
63
72
80
23
96
98
53
82
20
22
37
99
55
79
45
33
62
80
87
10
94
36
33
51
21
59
62
16
72
62
5
53
79
22
13
41
15
30
61
78
29
48
10
85
46
86
97
14
41
68
95
81
46
77
59
46
43
87
82
88
37
67
98
16
84
6
61
23
73
42
70
23
54
3
61
87
55
34
100
33
29
71
86
44
99
52
82
33
21
61
95
52
80
90
21
15
86
47
52
70
28
31
40
4
42
51
17
25
58
26
21
86
97
99
90
16
10
22
56
57
27
33
68
14
18
58
85
4
46
86
11
67
79
94
73
38
37
76
62
87
64
27
37
53
60
11
24
38
44
57
71
59
87
30
45
42
88
45
14
33
27
26
71
61
9
49
11
79
37
48
76
54
69
18
13
43
51
65
12
36
49
9
78
88
76
60
58
22
42
57
67
34
56
38
93
75
88
87
99
26
69
28
28
53
44
59
81
27
52
60
90
79
31
100
86
60
27
2
100
58
4
82
40
85
95
56
21
62
34
45
51
97
52
43
3
29
54
23
39
17
32
62
63
55
87
25
57
97
53
57
39
55
100
46
45
47
76
53
82
60
69
22
57
46
58
47
37
46
54
77
73
41
85
19
65
60
46
86
100
41
96
13
35
36
66
56
30
44
2
25
23
6
37
21
68
98
5
71
8
49
32
19
69
87
6
33
13
99
44
92
39
32
57
68
63
77
23
9
73
46
71
90
94
12
59
87
83
48
70
8
48
31
41
72
58
71
99
35
12
52
20
73
19
71
6
72
84
33
45
66
16
67
53
94
46
98
43
9
78
94
30
50
85
1
60
65
2
93
83
22
75
57
38
62
65
62
8
66
89
45
45
77
48
84
57
44
40
34
75
60
33
38
69
17
25
11
58
65
47
44
60
5
35
48
58
38
32
70
24
6
13
78
75
87
69
23
58
60
94
38
13
22
78
22
34
87
31
100
39
46
41
41
68
88
64
71
36
14
16
11
14
15
9
25
56
55
22
66
42
23
77
22
76
41
82
86
52
72
18
1
61
14
98
39
43
94
92
44
95
14
19
97
74
49
54
21
53
47
84
63
37
95
30
79
2
35
45
38
25
1
47
15
13
26
58
85
68
21
62
59
79
43
85
66
9
56
12
76
39
14
37
59
1
66
40
54
55
51
65
83
6
45
51
60
83
11
94
53
87
57
10
36
74
24
21
45
69
23
44
34
16
85
97
16
93
87
76
25
98
25
82
18
79
10
65
49
25
12
37
5
3
78
40
38
36
60
42
39
55
52
57
30
74
91
100
65
79
18
13
32
72
5
3
70
83
68
26
89
65
60
76
24
34
29
55
99
38
21
33
91
53
81
7
50
95
83
64
83
13
63
53
7
94
79
33
14
99
60
87
12
31
93
50
51
11
63
88
37
21
57
60
49
41
62
93
9
62
82
33
82
6
27
57
46
63
40
10
77
49
57
14
71
61
4
86
11
62
68
40
99
100
13
79
80
23
27
53
23
63
38
3
9
7
2
50
16
96
84
1
2
43
1
60
98
56
35
31
96
64
57
44
46
93
27
71
67
92
5
74
100
39
13
19
57
95
7
87
14
35
13
23
96
65
11
31
100
99
30
77
73
8
67
44
29
48
81
37
6
38
29
12
32
3
42
79
71
87
29
44
86
16
22
32
58
40
20
91
37
27
25
44
64
100
78
15
51
22
31
53
46
13
44
3
21
21
67
82
90
51
94
95
84
37
71
27
17
93
55
81
83
34
47
62
28
74
51
76
19
37
60
39
5
8
6
100
49
47
9
48
28
89
42
76
73
19
75
10
89
94
87
37
50
88
77
62
17
45
2
62
42
83
33
59
9
51
53
34
7
4
15
28
20
96
97
15
95
51
91
8
36
50
33
73
74
29
9
49
86
76
50
78
24
11
31
73
58
10
60
86
19
48
95
36
26
1
43
68
85
41
59
79
3
42
72
69
40
63
73
30
88
57
80
33
32
11
8
93
68
2
48
98
10
26
53
9
73
93
12
49
11
37
2
15
83
55
98
96
30
91
1
56
45
94
93
38
50
70
44
32
66
34
65
84
8
8
8
99
56
99
97
87
12
56
63
33
50
96
77
25
30
62
53
78
69
15
70
83
69
32
46
22
59
31
15
12
18
19
62
55
92
9
100
19
35
65
79
87
38
73
27
64
34
35
1
46
36
13
32
91
95
87
40
55
7
40
60
53
47
55
91
41
99
97
73
66
77
33
27
81
6
98
76
98
92
44
78
88
21
72
81
43
94
85
58
15
12
53
84
36
80
86
16
37
50
15
19
12
9
7
71
62
52
99
25
75
67
27
12
35
25
96
83
88
49
29
27
22
28
88
47
42
72
36
83
80
40
52
32
58
29
1
43
68
85
27
43
2
48
67
32
32
36
71
100
55
9
69
14
42
24
81
13
67
21
22
53
54
3
35
26
89
35
70
17
34
21
16
52
97
92
2
36
71
38
48
70
28
25
28
81
82
75
45
90
72
100
26
72
3
52
15
100
72
91
8
74
25
79
4
53
18
81
61
89
23
22
66
44
47
3
76
26
37
16
88
38
14
62
86
87
14
1
72
11
67
6
52
49
55
54
89
57
33
47
32
50
76
21
59
85
85
37
88
58
45
4
4
70
97
61
31
74
32
60
81
80
8
1
54
41
26
21
79
19
33
51
80
55
100
33
92
85
69
20
23
78
32
87
33
95
17
16
57
57
16
89
20
55
86
97
86
50
10
20
83
6
81
37
91
69
13
26
67
55
4
30
73
71
73
42
4
84
45
18
61
46
54
86
58
13
22
66
85
21
64
31
34
23
66
63
57
27
31
34
95
24
81
15
63
80
54
9
13
40
98
10
50
46
44
42
45
74
37
20
15
97
48
96
58
98
58
84
30
38
66
63
62
5
47
60
51
70
61
77
88
59
94
64
38
50
59
39
44
47
47
32
23
96
41
45
69
15
19
74
4
2
53
93
71
85
23
44
1
85
40
88
100
19
83
9
25
49
61
39
37
52
12
9
40
6
77
91
77
5
77
94
21
22
47
21
32
11
70
17
92
30
39
15
12
71
74
53
96
55
20
31
4
39
43
64
67
82
33
45
19
71
35
2
83
53
67
25
89
8
98
53
10
80
60
28
41
39
29
59
87
56
76
31
33
1
23
27
63
6
32
28
77
3
74
34
80
51
93
19
27
93
75
79
100
13
55
97
53
20
31
26
95
50
19
95
8
82
24
20
70
68
61
73
93
68
86
95
47
62
96
99
32
96
96
64
4
37
6
6
11
100
28
37
10
97
54
19
75
24
57
52
77
46
1
59
72
89
10
64
13
25
53
91
95
78
2
55
16
63
1
10
46
47
17
44
55
70
82
61
99
26
94
6
96
15
4
4
21
75
15
45
86
99
10
9
51
29
48
93
81
13
27
20
12
7
59
27
6
43
43
33
44
67
49
18
41
5
77
76
42
38
67
45
5
74
15
34
89
41
90
53
96
97
25
74
62
86
93
91
33
28
51
23
13
79
75
45
36
4
47
69
49
69
50
5
23
86
18
55
45
77
95
77
53
84
68
10
50
79
63
57
48
30
30
37
31
95
87
88
61
36
51
34
4
87
74
53
55
18
23
77
29
80
38
56
23
55
44
46
84
49
27
47
30
72
95
13
56
11
94
82
46
19
49
67
44
27
20
74
64
100
87
27
38
87
79
71
49
8
47
66
92
18
2
35
55
9
59
29
15
22
67
38
9
50
8
44
61
37
13
87
96
51
87
12
70
50
40
44
66
56
25
98
44
86
85
14
79
54
8
74
94
52
42
4
51
82
65
33
5
85
66
93
15
50
90
65
89
17
89
50
92
43
41
78
76
65
29
52
100
44
53
35
15
100
58
26
7
48
53
64
85
16
80
13
33
45
56
4
27
81
87
36
97
79
7
90
11
61
98
36
81
34
10
53
97
73
50
74
13
32
82
7
59
59
19
61
99
74
48
51
95
5
98
21
67
4
69
94
71
51
55
94
66
7
81
34
38
80
14
97
51
21
32
54
54
92
34
52
39
32
73
50
86
26
37
90
81
61
22
36
65
92
3
68
95
5
42
3
64
86
90
78
16
11
69
62
47
30
11
93
80
57
11
34
41
77
86
36
31
66
72
7
14
67
72
88
30
13
22
96
88
2
92
73
1
2
28
38
1
38
87
32
100
24
65
53
71
72
67
63
18
15
44
32
22
40
6
88
74
79
29
24
84
3
49
73
53
57
7
58
86
60
4
1
7
73
89
13
84
2
50
10
58
77
15
68
52
64
42
47
46
43
25
39
72
67
66
62
85
80
64
79
28
33
95
18
18
11
31
27
56
96
34
86
94
22
93
96
17
88
24
88
96
92
51
75
32
87
63
21
33
13
44
54
86
74
6
15
92
97
61
35
45
52
50
32
78
71
56
69
81
79
44
15
43
50
69
48
81
64
28
44
81
39
35
41
30
70
49
27
77
78
76
83
46
77
80
87
4
17
67
91
57
94
48
38
93
17
26
42
14
60
83
10
82
6
82
23
10
39
81
71
100
61
80
20
45
67
29
75
63
98
60
86
51
20
39
78
15
40
86
38
26
93
37
30
35
46
83
8
25
23
12
40
66
62
71
83
41
65
31
36
24
96
19
83
52
86
80
44
9
96
52
40
6
11
85
47
8
57
82
64
71
31
44
96
99
58
89
70
5
49
9
18
14
37
44
59
98
63
15
97
79
38
85
52
94
2
70
72
74
39
86
68
35
72
16
49
32
90
75
58
30
27
31
30
19
10
2
38
78
62
91
61
25
66
72
94
50
37
87
76
21
41
28
17
77
50
32
58
8
28
42
86
15
87
42
2
46
78
67
66
15
37
55
92
55
46
58
5
42
12
97
29
23
92
19
28
24
20
19
94
95
92
5
32
10
1
31
84
9
69
6
77
27
84
31
76
16
38
80
35
15
65
93
65
97
56
10
55
10
20
44
84
35
72
51
30
20
79
42
61
86
60
16
21
44
1
6
78
56
22
9
3
34
59
97
74
43
31
55
66
11
71
71
52
98
2
11
7
14
19
49
78
75
57
43
37
37
20
55
7
45
83
23
45
13
42
97
62
74
37
3
8
95
5
33
20
59
19
14
41
41
30
27
41
18
58
67
90
36
4
93
62
53
99
59
53
49
74
19
78
17
92
96
58
92
57
12
52
88
50
68
45
6
74
14
68
15
20
38
39
37
27
95
84
50
54
68
79
100
90
71
54
29
60
22
69
59
69
63
90
57
97
83
99
95
98
72
40
45
61
58
56
50
36
8
72
69
95
58
67
80
25
61
57
28
39
86
6
78
48
49
24
82
23
17
33
26
32
80
90
71
86
42
88
65
6
69
100
13
93
74
96
20
78
44
91
70
11
32
23
21
58
50
21
8
24
26
31
41
67
26
76
70
38
85
60
84
16
80
25
19
14
24
55
43
96
84
64
40
91
42
43
45
7
77
92
67
38
35
47
86
86
95
54
8
38
81
49
70
92
34
80
74
96
83
37
29
29
78
1
88
32
95
15
37
26
19
71
37
54
23
40
88
74
67
67
38
74
41
48
73
41
7
82
19
