100
5000
92
29
3
77
42
12
85
93
5
7
56
71
90
12
30
75
1
50
7
65
77
47
24
14
30
75
68
15
2
44
74
24
55
65
63
22
70
61
77
94
10
78
43
94
38
31
55
62
21
60
56
81
93
94
81
80
23
32
43
64
65
16
19
36
87
93
42
6
65
46
62
14
28
87
86
6
24
82
73
61
52
8
68
17
17
87
59
72
73
23
28
33
82
95
76
57
13
85
89
42
90
77
47
98
77
88
39
15
32
25
69
91
3
68
69
78
53
80
87
62
90
88
5
56
60
84
70
68
83
10
1
35
72
57
45
8
50
20
23
93
4
34
8
83
72
5
19
75
82
52
17
28
2
31
88
4
86
9
5
83
64
60
57
77
65
68
72
21
5
20
36
69
35
14
46
63
49
90
89
94
15
91
3
91
85
64
28
53
35
27
1
53
46
53
30
22
25
1
100
55
15
27
16
33
88
89
89
64
34
75
17
63
81
48
34
81
91
76
81
82
69
67
50
58
11
100
93
77
16
34
69
61
61
95
78
82
53
67
43
93
34
39
98
5
18
6
100
44
83
88
66
66
73
14
20
20
21
19
99
6
21
88
86
9
34
15
30
100
44
24
27
47
14
16
84
95
53
20
10
51
81
28
63
42
67
35
29
50
40
34
36
41
45
19
19
37
64
37
76
21
45
73
63
84
14
11
74
78
3
70
55
13
10
72
7
14
95
79
6
97
76
11
53
24
74
23
49
98
49
88
54
93
88
3
70
69
29
35
12
74
78
1
50
65
21
83
62
86
55
2
77
47
90
40
51
56
87
8
12
8
100
43
58
85
90
89
79
69
74
63
3
61
13
7
43
53
35
10
54
94
94
50
91
61
86
31
37
84
34
40
18
66
50
95
58
87
16
62
97
86
92
59
67
97
47
8
19
97
1
80
68
71
72
35
57
86
39
28
7
15
12
38
83
75
55
68
94
96
23
45
56
66
88
46
68
39
64
12
26
56
62
87
10
57
81
49
80
55
51
30
7
63
67
74
82
80
100
76
19
9
61
64
34
27
54
19
41
88
87
58
80
12
88
73
85
94
94
36
52
50
81
65
84
75
69
76
61
59
66
83
58
37
19
95
21
81
63
64
97
62
99
92
49
54
78
61
58
27
9
95
68
17
88
27
54
99
50
81
13
84
53
6
73
12
93
34
51
53
8
10
79
66
56
80
94
74
7
9
5
14
26
33
26
39
3
16
36
40
37
78
90
36
35
98
67
31
37
10
19
41
96
8
14
83
59
42
39
42
47
39
95
75
97
9
98
72
64
11
66
93
35
29
100
100
22
72
100
90
83
23
17
32
6
96
32
52
44
74
74
43
7
33
57
95
11
13
30
23
82
47
60
39
8
11
93
21
40
25
63
63
13
55
10
83
49
43
92
28
75
33
36
4
28
47
61
50
55
35
43
75
85
19
53
55
5
13
51
60
18
43
35
85
41
87
42
28
25
24
43
18
77
23
75
58
78
58
34
59
6
56
59
88
84
28
72
67
97
4
74
69
66
77
68
82
36
89
48
65
71
15
7
98
76
47
60
27
86
22
1
11
91
62
76
4
53
52
1
32
61
98
24
91
52
82
74
90
31
42
46
33
12
49
10
71
98
49
96
99
100
59
86
89
2
12
75
2
80
77
14
36
33
63
57
98
35
21
6
96
22
13
58
60
62
52
92
38
58
35
82
35
60
66
29
22
36
73
8
47
38
59
98
54
90
35
92
71
41
78
80
72
45
90
71
98
68
98
48
93
63
67
52
73
95
74
33
2
53
74
3
28
45
32
1
100
31
2
14
18
35
31
8
55
42
54
46
15
4
73
91
92
50
98
50
96
38
52
25
100
6
86
37
81
51
36
7
52
66
72
37
33
12
60
37
89
43
15
24
28
71
82
59
23
37
6
70
62
85
89
63
26
7
4
63
44
4
88
47
100
16
83
98
63
56
70
76
42
60
50
100
31
76
57
70
78
48
28
37
5
56
69
7
24
11
82
60
34
23
19
69
10
45
57
97
41
43
78
46
42
94
47
59
84
85
4
79
48
88
8
20
82
45
72
1
79
30
16
87
26
8
4
86
28
18
28
39
2
79
47
97
4
15
43
61
48
13
1
5
22
52
75
17
17
60
32
71
98
49
57
93
75
21
29
21
64
74
91
90
86
44
80
88
74
91
49
91
16
27
78
55
16
57
84
38
82
76
76
32
14
87
100
5
67
61
100
59
54
35
68
44
17
84
84
69
1
8
5
45
92
69
41
26
96
68
62
14
60
7
21
99
51
37
76
29
99
41
63
61
5
1
1
56
44
13
63
11
43
9
27
92
66
87
12
43
45
90
81
46
98
30
13
3
64
51
57
65
76
17
100
81
94
69
62
33
37
89
5
43
73
29
27
12
9
69
22
13
39
32
69
81
73
89
59
21
78
26
34
90
44
33
12
6
15
45
5
78
64
32
51
50
41
12
41
69
3
23
8
66
99
66
15
95
81
53
79
1
47
28
28
62
4
83
56
11
26
79
76
43
38
48
40
19
27
38
28
64
41
71
71
95
8
67
94
55
30
86
52
70
60
69
59
71
70
29
39
67
78
50
35
66
50
46
48
37
9
25
32
82
84
65
77
57
42
59
29
49
81
54
93
23
45
79
22
34
62
8
55
93
25
2
50
1
60
11
19
8
66
83
53
18
52
98
74
26
34
76
74
85
71
56
62
4
89
4
91
25
99
47
65
45
51
60
92
32
85
67
70
53
99
27
96
9
74
19
42
66
100
24
21
30
71
17
2
22
60
75
29
47
28
52
27
18
21
51
83
32
95
76
32
2
76
48
15
77
75
93
75
33
74
77
18
4
39
59
68
21
52
98
54
28
41
39
36
77
52
94
71
16
61
3
93
23
68
56
36
40
3
33
46
40
23
96
86
29
48
92
73
4
86
95
3
27
43
57
5
98
62
31
10
38
87
86
47
17
97
76
44
66
69
41
56
57
73
86
85
57
58
81
69
1
22
64
13
44
19
43
50
87
26
64
14
42
11
89
92
54
35
17
29
78
59
27
76
76
45
32
79
48
12
10
54
84
88
49
19
40
99
62
68
42
98
53
41
57
87
95
50
36
86
62
2
86
2
50
22
87
65
68
5
59
53
39
5
21
81
5
87
81
22
66
99
62
37
90
33
17
40
73
30
74
54
86
75
55
37
36
74
9
55
36
100
1
23
25
67
12
23
41
89
73
83
35
55
45
65
63
15
60
73
17
36
85
97
95
10
62
64
21
96
14
2
48
29
5
79
5
13
29
31
32
12
92
56
57
10
3
16
53
72
85
7
28
10
97
68
74
28
66
70
15
67
21
82
82
90
97
55
67
98
27
34
20
51
4
89
5
62
62
18
41
40
28
7
67
99
25
24
93
57
7
67
87
26
22
91
72
25
26
95
86
62
41
13
24
55
84
54
56
79
63
21
87
46
5
23
58
4
1
59
20
79
81
47
93
57
55
60
39
18
33
6
9
22
37
41
49
13
77
83
5
74
90
7
4
62
8
14
30
80
4
14
9
53
23
68
55
19
60
92
89
10
52
19
97
28
66
11
22
48
72
66
40
97
28
52
83
61
20
36
38
20
54
68
46
12
82
7
10
97
84
16
14
22
61
97
66
29
37
91
32
39
59
91
54
100
57
83
42
83
43
32
30
50
24
38
45
27
98
63
24
91
88
69
77
83
41
66
51
27
100
97
14
14
86
4
69
47
51
6
91
87
29
36
64
36
89
100
29
34
81
24
23
10
30
56
84
57
7
18
23
40
49
62
89
47
60
22
68
70
82
88
88
71
9
40
73
63
13
13
76
74
52
46
82
78
50
67
57
20
84
29
6
87
20
99
71
13
71
36
74
67
50
82
36
97
23
75
44
31
95
20
56
66
6
54
28
95
29
89
32
71
86
91
6
2
44
70
14
13
94
84
89
36
95
10
95
6
63
82
18
13
82
81
74
21
17
78
40
78
40
24
79
51
38
66
26
44
36
28
87
86
7
58
62
95
82
83
32
53
3
32
97
12
6
24
21
99
41
96
59
16
90
99
38
52
30
39
21
83
45
32
16
66
9
4
84
71
19
76
32
38
24
6
74
51
1
34
23
57
94
68
73
48
32
23
55
11
74
91
51
38
70
27
7
3
88
22
90
40
59
35
62
41
70
50
4
23
72
9
72
96
13
91
79
44
66
31
68
5
22
8
62
18
25
4
63
4
53
72
50
39
42
64
20
58
16
59
96
72
98
5
30
36
37
50
84
67
70
80
29
41
63
5
2
36
8
37
17
7
21
81
72
60
25
73
43
4
60
35
8
96
20
10
97
59
7
71
92
61
7
79
97
19
43
24
48
91
17
63
23
11
25
6
98
76
43
21
19
53
84
78
77
49
3
30
23
90
98
64
61
73
100
52
28
90
5
53
15
49
77
24
61
36
28
3
65
3
57
56
89
50
51
67
6
86
51
45
62
7
57
51
34
25
33
29
100
63
6
86
100
44
54
34
47
41
62
74
60
64
88
24
87
18
59
100
30
14
78
4
45
47
86
99
98
8
63
59
66
12
77
66
18
37
41
3
43
59
50
9
21
22
21
28
90
5
99
37
81
84
8
93
17
6
97
70
73
59
99
27
2
51
27
47
88
72
37
93
3
41
34
40
47
52
40
76
51
30
36
98
60
29
60
5
82
25
98
3
28
61
49
1
58
50
36
27
45
2
76
7
72
2
26
43
1
52
80
95
26
79
8
13
64
37
99
52
58
42
27
85
51
22
7
51
60
97
27
71
37
69
35
98
32
95
35
50
44
66
2
82
41
48
5
97
87
68
100
42
97
8
78
15
74
82
22
38
31
24
92
34
77
64
53
97
80
95
44
83
92
84
26
3
26
1
77
82
23
49
87
39
6
1
93
99
70
93
4
70
91
11
20
4
69
7
25
63
12
62
10
32
69
33
24
42
85
68
66
16
34
18
85
29
75
94
37
26
39
44
16
96
45
60
95
98
66
90
73
91
83
36
15
3
4
14
49
8
88
54
16
56
95
23
92
40
41
55
78
62
66
6
45
12
90
88
98
97
33
97
57
50
37
33
41
57
79
88
50
73
43
66
82
53
34
42
99
87
15
23
78
79
48
2
96
87
82
86
44
93
43
14
96
38
48
37
65
65
40
59
47
52
67
1
32
82
21
51
87
44
82
71
19
21
61
31
73
37
81
22
58
64
81
35
59
95
86
68
33
10
18
75
92
63
14
1
54
81
34
16
21
9
14
63
46
72
78
73
36
3
94
35
57
91
43
6
12
96
79
39
36
32
46
90
48
75
30
96
28
91
85
91
54
63
88
40
11
73
47
78
30
67
10
29
91
43
19
82
29
3
81
29
70
74
65
12
34
44
15
61
38
34
30
36
63
92
90
92
71
64
79
26
83
21
75
31
95
20
61
83
17
93
91
79
45
19
57
89
55
93
2
10
73
5
78
32
4
7
40
42
34
41
66
29
74
66
46
10
76
9
84
37
53
47
73
54
34
90
96
60
77
38
34
83
1
69
68
18
94
94
64
27
97
2
98
73
67
58
69
85
59
89
78
8
9
73
4
80
90
45
49
79
69
49
45
29
88
29
67
77
61
90
10
40
78
30
76
9
49
2
46
71
69
4
66
17
11
91
9
59
30
82
14
44
22
17
24
31
65
72
53
50
16
39
13
89
9
60
66
26
85
29
81
52
44
24
95
44
97
80
67
78
50
85
23
80
81
92
80
68
84
28
75
81
34
73
65
78
67
57
96
29
92
21
1
51
8
53
84
48
60
9
24
10
14
42
64
96
18
89
38
44
16
71
71
90
8
38
78
18
60
94
64
13
100
58
49
92
52
55
81
95
100
23
97
76
13
82
12
26
96
39
50
46
96
5
53
49
37
87
25
49
24
94
74
44
89
42
99
53
94
40
35
85
43
51
43
79
59
19
22
41
33
35
18
87
90
8
82
78
5
10
36
63
51
47
70
57
87
52
82
37
79
89
46
15
23
75
81
87
8
40
56
82
38
59
62
6
72
87
40
17
92
26
96
81
21
58
76
58
19
51
14
63
60
4
97
81
50
60
95
28
53
96
63
85
87
51
32
15
1
95
89
29
38
16
8
66
10
82
37
43
56
53
81
84
55
38
63
17
100
73
93
67
49
48
32
12
98
44
79
62
84
60
45
65
95
52
34
73
67
88
9
84
10
78
38
33
28
17
49
53
8
49
72
89
8
23
31
38
32
24
37
100
73
26
9
24
36
71
72
59
79
17
24
36
81
76
87
47
45
9
58
44
3
44
46
76
86
95
67
91
24
23
64
95
11
96
88
79
57
4
73
75
5
78
35
27
85
4
41
76
81
19
15
91
36
85
27
52
83
69
38
24
32
48
15
29
49
83
1
63
37
3
63
42
54
28
12
99
92
82
5
93
1
20
33
74
27
9
54
69
5
35
85
1
3
31
30
84
23
94
70
22
48
52
7
38
18
42
61
62
25
3
8
90
80
91
19
34
61
73
6
82
95
3
99
80
90
53
52
85
12
25
45
18
77
3
25
60
3
34
40
17
74
64
76
30
99
50
25
12
100
34
67
13
9
43
80
2
3
39
88
51
68
28
53
1
85
24
2
60
66
98
64
64
34
60
46
89
90
18
1
74
10
64
97
8
36
15
20
9
30
77
61
94
89
6
76
59
70
62
69
49
58
100
90
43
60
96
51
83
85
60
82
40
21
40
58
5
9
14
6
64
43
20
46
35
61
53
78
1
55
57
27
12
75
50
46
4
59
76
12
11
92
34
94
67
60
18
75
34
48
67
87
73
15
39
99
46
42
48
74
61
80
95
48
73
85
38
55
93
1
27
64
82
68
95
14
80
19
2
43
73
35
44
3
71
92
73
14
44
7
33
19
64
62
24
45
95
55
19
93
92
84
23
80
93
70
69
71
72
11
53
23
32
54
31
71
25
22
44
24
3
42
9
55
61
37
13
32
62
97
92
77
55
93
81
17
38
73
4
64
98
91
58
97
59
59
93
58
33
73
98
61
73
65
61
28
33
44
76
3
9
31
53
81
65
68
72
62
88
16
41
38
64
81
96
53
23
19
82
93
13
68
5
2
61
84
47
88
81
7
29
29
52
11
2
80
32
85
98
70
8
49
64
92
37
12
57
45
61
62
71
62
67
1
90
76
41
20
93
92
89
49
1
90
31
45
27
11
49
93
96
35
25
15
57
46
76
58
55
38
11
15
68
91
83
65
9
57
12
11
3
38
43
88
1
57
32
9
18
39
21
96
4
9
15
55
67
95
70
33
79
4
5
50
64
57
52
14
30
27
56
25
71
18
71
3
44
81
49
45
34
19
100
7
32
16
48
93
96
33
63
82
17
44
94
78
26
41
4
64
55
98
34
6
69
83
87
11
5
85
30
34
73
52
45
39
83
14
71
35
16
95
95
44
7
87
85
70
81
47
25
9
89
32
7
77
1
65
88
52
2
26
67
1
46
10
55
96
17
2
46
19
21
14
29
82
40
29
96
14
85
78
5
64
43
16
37
56
56
37
46
90
84
55
30
74
23
45
74
76
6
69
93
52
45
4
19
100
34
68
44
71
96
3
71
16
78
48
92
13
52
62
92
60
81
8
88
80
79
5
32
1
22
18
25
86
13
8
80
66
90
4
71
41
56
71
91
97
80
48
85
45
18
37
82
50
6
1
27
34
49
52
91
65
19
68
71
63
84
15
29
90
75
67
5
23
85
100
72
44
83
66
43
72
12
37
20
49
93
12
95
84
76
90
82
15
31
44
52
32
40
49
46
67
60
25
99
51
22
83
100
30
35
90
26
12
82
38
3
34
13
78
5
71
66
22
90
72
88
37
22
100
33
32
69
24
93
23
82
73
64
65
84
78
43
35
85
92
5
48
69
19
48
43
19
64
50
95
40
11
25
36
90
23
95
96
17
30
19
4
20
93
36
74
19
10
15
36
86
72
31
25
75
42
24
47
90
39
4
76
9
51
10
70
97
50
76
72
80
13
85
31
92
96
86
1
76
44
18
60
1
44
62
87
83
17
71
14
74
47
59
96
70
73
16
41
3
15
28
43
79
18
88
95
73
92
34
31
79
46
33
35
30
94
91
92
43
36
56
25
14
10
1
79
62
7
16
55
95
53
5
97
28
40
39
90
91
22
55
12
14
19
76
50
32
89
41
73
35
23
65
78
34
42
25
31
35
68
43
69
21
61
17
9
11
5
63
34
92
67
38
76
63
88
70
1
67
64
93
25
84
52
71
57
53
18
23
12
27
15
58
6
83
6
63
88
44
86
75
95
16
77
29
36
43
66
4
19
92
52
51
77
40
99
59
34
23
54
45
63
89
51
34
78
90
75
89
98
55
12
91
45
85
100
46
30
62
51
39
86
46
23
20
43
51
29
89
38
38
1
29
65
29
14
69
80
11
49
92
30
28
10
48
18
85
57
89
84
70
30
19
94
10
20
3
62
79
95
1
50
84
74
16
18
41
9
93
13
25
14
32
73
10
4
58
57
33
52
7
74
36
85
56
78
9
44
72
81
16
37
52
91
77
99
64
57
36
58
62
70
79
16
76
56
64
36
48
81
43
12
27
88
69
11
1
80
43
14
75
55
73
100
60
57
97
37
21
67
84
77
36
46
35
83
84
98
58
15
13
37
5
73
37
33
30
53
3
8
57
66
15
84
2
77
56
69
15
74
13
66
74
8
76
60
62
73
7
47
17
62
78
58
7
42
99
83
47
57
36
1
43
37
48
37
97
14
84
57
89
89
73
71
69
44
60
72
91
45
42
62
76
47
38
19
40
18
14
7
89
38
16
100
34
9
31
89
71
12
33
13
37
83
93
69
49
54
70
9
96
77
45
87
39
44
58
35
88
38
81
99
57
100
51
57
76
84
8
77
4
3
22
72
33
98
83
43
27
75
77
23
47
98
77
20
76
1
48
98
6
45
10
89
77
49
78
1
67
40
30
54
99
39
85
30
27
53
81
63
89
97
35
59
51
8
19
81
15
68
54
68
89
90
98
44
1
70
51
11
35
77
20
84
100
22
5
15
50
13
10
8
88
80
35
71
78
17
95
49
15
68
44
34
79
8
61
99
81
6
16
67
64
53
30
39
50
62
74
69
51
68
51
3
94
50
75
10
10
77
99
96
35
28
31
14
61
61
69
98
18
53
61
68
63
100
17
20
88
45
69
90
98
37
9
32
86
46
47
20
12
33
73
10
35
22
7
31
81
44
2
84
90
13
82
63
40
95
95
7
51
85
89
38
29
21
43
38
33
72
60
86
95
98
11
20
44
31
20
36
62
93
43
42
76
31
92
20
26
98
71
23
60
9
1
100
42
66
71
3
18
34
80
75
76
40
27
41
21
38
99
44
87
84
9
98
7
83
25
83
6
41
69
60
16
41
61
94
26
99
9
54
90
34
92
56
39
80
89
16
89
23
22
94
100
99
58
18
81
50
35
52
38
82
10
71
37
9
10
36
95
10
15
33
47
93
42
26
78
92
29
12
49
9
67
40
62
92
97
26
13
77
29
26
2
87
8
53
44
85
66
56
46
21
5
100
90
81
22
28
77
83
44
42
23
37
92
2
32
23
99
49
39
43
9
39
60
17
44
79
100
85
92
41
41
55
46
44
46
1
66
18
5
43
31
25
23
93
67
99
10
2
72
98
42
22
86
19
5
100
26
43
35
98
66
4
83
8
32
84
55
63
60
36
28
11
97
70
29
3
58
49
30
15
98
76
99
95
27
40
78
71
83
89
72
25
67
22
87
84
44
12
93
36
2
91
20
92
34
18
3
15
89
89
62
77
74
18
76
31
98
49
69
1
100
8
24
30
73
66
42
23
92
100
52
60
14
40
91
8
91
74
5
64
25
49
1
67
78
28
37
71
75
91
5
27
71
72
32
61
34
34
85
70
91
12
26
89
14
43
90
69
23
34
58
94
81
85
21
81
96
94
86
89
54
5
97
79
34
38
19
85
43
96
98
66
16
8
81
36
29
85
68
10
67
14
83
67
41
39
21
5
26
20
77
99
92
35
33
46
65
45
27
54
46
99
97
46
40
58
23
48
9
84
94
99
79
60
2
45
69
17
87
51
10
15
38
8
99
79
31
100
29
44
2
53
8
11
76
31
76
29
82
79
47
12
47
80
19
57
96
79
3
60
89
56
66
64
56
63
85
65
37
97
43
93
96
30
71
55
55
22
68
45
61
23
66
38
49
65
80
93
23
61
91
91
10
44
83
52
96
63
73
20
90
4
42
9
15
34
100
32
93
98
2
90
73
79
78
18
48
49
49
89
8
66
34
23
82
83
25
95
58
12
24
18
39
57
54
86
63
11
63
86
88
69
10
14
44
10
97
49
27
31
96
59
20
93
62
17
77
82
45
46
86
7
82
78
49
61
72
71
44
15
30
81
16
76
1
34
59
89
33
32
63
16
96
43
100
3
42
3
10
25
24
9
20
63
25
91
28
41
47
50
87
11
63
88
74
33
52
4
7
81
72
29
23
98
35
49
91
59
39
54
77
69
10
74
14
11
88
44
77
3
99
97
29
77
14
70
50
12
65
88
6
66
3
80
25
92
96
55
99
13
74
23
37
13
11
13
24
39
81
41
25
63
39
34
55
49
50
49
71
7
56
10
67
78
81
23
37
34
44
78
58
97
47
23
70
96
49
16
24
19
54
66
76
12
63
88
5
97
30
74
84
15
57
57
19
91
25
68
22
26
72
74
8
14
68
87
42
34
44
5
64
35
46
75
40
59
68
57
13
38
39
50
15
6
30
39
23
30
49
84
49
33
65
32
46
7
58
26
40
41
91
56
15
47
29
62
38
70
36
40
53
53
33
6
30
67
7
22
39
78
55
20
37
64
72
86
25
49
22
24
68
75
68
51
68
35
15
93
56
50
54
38
51
56
67
26
4
6
17
43
45
33
75
68
9
92
70
46
100
88
83
50
39
42
27
49
60
2
48
44
4
95
25
51
9
89
46
67
58
88
53
69
75
19
20
53
93
76
77
30
1
21
61
42
85
73
30
20
45
45
9
22
55
93
66
63
53
56
97
46
62
93
62
99
70
15
62
72
66
20
55
33
85
72
15
71
18
42
20
63
52
92
58
46
35
62
75
42
14
19
28
20
98
71
65
70
87
35
80
6
7
60
66
25
75
91
41
76
19
95
80
75
84
26
72
29
26
75
54
