100
5000
51
31
61
14
22
28
74
78
64
50
99
64
19
23
17
40
85
48
100
36
47
53
98
54
21
53
27
61
96
23
59
56
49
68
58
79
7
3
66
98
28
67
39
39
14
32
77
70
80
48
87
93
49
42
52
21
52
18
96
43
55
62
100
13
45
73
48
54
66
89
54
3
93
8
56
51
20
34
97
30
40
6
11
28
82
99
67
54
82
21
80
98
10
36
77
90
41
33
85
46
87
94
7
67
80
48
40
97
32
53
100
3
33
95
44
44
28
70
44
67
26
31
63
84
89
80
100
5
100
81
52
94
61
36
19
53
49
77
84
63
40
94
75
35
91
12
51
93
57
3
25
42
48
20
87
34
90
100
74
48
54
41
21
68
10
61
43
56
39
45
21
31
79
31
85
5
34
65
19
32
36
60
3
32
72
2
11
73
74
62
80
85
25
63
17
11
45
9
51
100
27
64
40
25
34
4
7
42
22
95
81
6
2
58
3
98
51
59
96
46
43
34
46
11
7
53
74
97
19
25
79
25
16
24
53
25
99
3
23
32
76
66
29
7
32
85
94
93
67
93
29
41
94
79
29
44
31
99
83
82
68
28
62
58
8
5
78
59
59
93
94
87
94
4
83
18
40
88
24
83
45
88
82
80
66
28
50
92
97
88
97
31
90
30
81
99
85
62
79
84
3
69
86
28
99
86
73
40
74
58
41
12
54
9
62
87
90
86
18
76
100
12
16
77
49
86
96
56
95
84
50
63
52
37
51
48
79
37
51
90
34
37
93
83
8
27
47
29
34
77
35
39
88
44
24
13
19
89
84
36
79
6
32
97
76
23
74
20
9
55
22
82
50
13
23
93
99
25
40
24
20
54
20
6
73
35
25
81
100
77
95
66
3
13
48
29
46
78
78
79
66
68
9
9
18
1
42
50
37
88
81
29
93
44
67
31
75
23
58
31
52
80
73
53
65
90
82
99
16
92
76
73
28
82
5
20
20
27
26
19
28
15
13
52
69
77
91
60
29
65
70
79
8
3
62
65
34
83
45
18
67
38
39
54
33
42
91
75
33
8
51
37
36
46
36
11
63
88
54
28
72
31
28
60
67
65
79
1
41
77
28
65
87
38
67
14
44
62
55
69
15
74
23
14
14
27
52
86
6
5
94
30
76
36
10
9
42
46
77
35
37
86
29
2
46
43
29
85
76
38
3
73
42
23
22
69
40
29
25
38
83
35
82
84
68
34
91
17
21
75
19
17
100
8
27
27
49
63
15
36
55
17
67
100
22
65
87
61
5
42
69
66
53
63
8
20
90
18
52
87
92
54
14
17
70
5
45
62
83
78
38
50
34
60
4
52
98
38
71
11
51
7
61
41
88
90
32
76
30
95
86
12
3
80
47
75
25
47
56
47
92
26
60
33
2
61
42
83
5
96
39
37
26
16
57
5
24
86
59
73
19
24
62
46
21
54
91
93
52
63
36
100
32
50
12
23
10
84
28
37
33
36
26
27
81
44
83
8
43
17
64
19
61
39
8
100
85
21
71
28
73
80
47
63
27
28
12
59
36
27
28
83
9
59
66
79
62
41
53
37
54
48
81
88
79
93
54
39
87
66
50
81
92
58
1
42
6
85
45
36
42
74
50
21
97
79
19
95
26
16
74
74
59
70
65
61
46
92
24
42
48
8
55
65
7
54
92
13
91
9
33
11
28
52
99
65
37
84
19
72
71
38
38
39
21
68
22
68
27
59
89
4
92
73
85
77
71
100
85
98
79
43
34
82
2
42
99
37
28
7
98
91
37
69
7
4
28
42
18
77
26
55
99
29
61
91
88
20
35
10
55
21
73
68
96
41
3
55
64
91
96
27
57
86
46
32
59
43
33
96
17
40
34
36
23
10
77
2
4
26
54
1
81
67
94
70
1
8
17
34
43
1
52
10
90
74
93
72
25
90
26
79
88
22
53
84
26
49
94
81
69
39
45
40
45
41
80
34
50
5
99
58
33
89
81
64
15
98
3
78
29
98
95
51
85
73
72
100
29
50
91
33
46
62
59
81
89
90
31
59
60
17
18
74
12
69
70
32
22
53
73
65
72
54
100
76
68
50
21
3
57
55
92
35
1
49
35
97
26
42
62
50
18
78
29
92
66
46
82
99
99
73
96
94
10
77
33
39
34
65
82
82
47
60
5
70
71
38
90
75
40
70
85
62
81
62
45
40
13
38
99
84
96
95
79
80
86
52
82
46
13
43
8
59
92
32
41
18
91
99
26
79
88
70
72
19
20
57
75
85
32
57
85
81
85
65
92
14
10
38
88
25
15
33
81
97
77
54
40
57
46
51
79
97
67
79
85
92
82
23
69
59
25
11
40
77
43
21
21
70
34
13
31
86
14
85
100
3
94
78
13
42
29
43
36
60
74
74
34
16
97
49
29
48
44
13
99
96
1
2
89
63
86
24
70
26
11
93
50
46
95
12
89
11
48
90
94
27
93
14
92
39
43
59
17
49
46
37
85
24
66
21
2
14
23
18
76
9
79
42
99
100
73
30
26
12
47
35
42
58
70
9
30
11
83
22
75
52
36
28
21
84
49
90
27
51
13
83
87
20
62
6
87
66
59
66
55
72
83
65
17
45
48
93
12
88
52
28
56
74
14
95
70
19
76
46
74
95
35
71
63
96
37
47
32
78
7
49
29
43
30
34
3
69
69
19
70
63
71
5
97
100
52
57
93
37
75
12
46
81
89
85
51
21
21
4
4
36
26
67
83
68
92
61
35
31
44
97
59
71
71
2
82
28
16
8
74
9
49
61
22
55
98
40
64
46
49
64
87
80
65
85
47
31
74
72
9
98
83
95
58
45
93
55
28
30
92
6
32
39
32
61
37
76
72
5
65
36
28
60
88
36
63
68
31
48
22
97
60
37
60
1
90
14
10
32
33
3
15
8
60
50
62
70
56
13
20
84
45
2
92
37
78
15
52
10
89
18
84
18
79
28
23
6
74
92
30
37
21
26
40
29
18
62
70
99
58
77
7
60
48
68
98
40
34
28
88
6
28
26
95
86
52
78
87
45
32
83
51
26
17
30
45
15
13
59
57
25
22
55
97
11
77
87
56
19
83
65
47
53
79
94
25
100
32
90
59
19
25
7
46
97
18
55
71
100
28
4
30
99
63
19
8
11
67
50
99
92
26
40
51
26
30
25
42
34
37
45
90
7
8
50
92
80
18
2
20
35
24
11
54
3
2
13
88
59
27
73
39
26
29
91
6
46
49
20
10
61
68
20
4
61
68
89
55
3
8
82
39
5
45
21
37
45
7
21
38
31
42
36
72
99
11
52
81
43
49
71
5
25
76
8
35
81
2
41
14
2
62
33
85
86
82
11
24
62
93
15
20
69
27
78
14
26
26
58
76
4
45
61
66
62
10
62
49
36
86
93
41
63
3
45
27
8
10
11
10
16
57
6
99
58
31
72
15
39
3
26
70
74
16
91
97
90
96
12
51
8
82
53
82
20
44
21
29
93
14
31
66
21
21
9
9
53
73
57
68
95
13
91
84
27
84
48
58
13
81
44
87
39
59
11
56
32
71
30
62
11
74
76
46
95
92
16
29
21
24
88
18
71
20
11
93
29
85
43
76
84
2
97
88
30
70
82
54
98
87
14
92
87
24
89
40
44
51
35
8
61
33
58
34
33
7
6
95
69
11
2
3
91
85
28
58
18
82
65
65
80
43
13
94
34
72
78
13
83
69
8
4
6
46
30
56
90
94
99
49
31
19
49
80
29
9
40
1
92
71
23
48
74
23
36
58
92
20
100
73
66
11
7
89
17
3
71
26
30
86
12
34
14
17
1
12
54
49
80
34
29
36
48
64
54
6
64
68
94
1
5
93
63
35
30
13
55
24
22
35
8
92
95
45
34
3
1
50
47
27
44
41
44
78
81
89
11
19
37
70
62
42
59
47
98
31
54
56
12
31
58
99
14
51
15
49
40
44
98
26
70
26
40
45
74
7
31
29
41
39
60
1
87
13
95
67
96
74
35
29
75
67
1
43
61
51
94
82
34
37
6
5
2
91
77
77
95
89
22
53
52
16
1
34
15
37
83
26
22
51
77
64
24
44
91
73
80
14
79
94
95
28
55
29
53
64
64
95
75
50
54
92
60
45
64
54
77
21
84
28
20
76
68
14
42
10
100
52
55
45
74
6
84
17
73
51
65
50
17
88
54
44
24
26
26
97
28
58
89
67
40
63
50
91
84
34
56
48
51
35
16
88
12
15
44
96
61
42
52
28
70
25
87
59
11
7
8
42
49
68
45
59
51
10
85
53
40
39
20
56
74
21
100
90
92
58
92
78
40
71
47
21
75
39
85
28
88
1
12
24
16
49
41
90
5
86
66
10
56
79
91
47
47
23
22
41
44
23
28
87
65
9
84
20
47
97
82
64
53
34
47
59
7
91
98
15
54
1
12
13
10
44
49
96
35
65
50
5
100
49
96
49
6
60
45
72
32
44
100
75
87
86
8
39
49
22
83
67
29
27
11
3
71
43
33
53
8
69
46
50
81
36
81
93
88
34
54
71
12
3
38
78
9
38
57
83
20
70
35
31
8
95
72
100
36
24
28
29
78
54
22
28
34
7
2
8
56
85
15
2
8
54
44
44
70
83
93
3
82
61
17
33
18
88
44
38
20
99
96
95
60
72
88
85
32
70
49
6
26
91
34
27
30
88
3
14
72
30
30
96
14
57
1
67
20
98
99
20
20
91
14
91
39
86
77
49
96
71
50
85
97
67
36
28
89
97
48
46
12
13
47
82
100
58
77
98
79
1
99
29
50
82
80
97
75
58
10
91
17
78
58
78
85
35
3
17
52
94
74
15
52
87
17
67
4
37
84
72
98
95
13
86
32
40
22
52
94
13
55
26
35
88
18
71
21
64
84
39
97
49
72
94
9
17
92
57
51
36
81
52
95
37
74
73
85
11
93
90
49
11
54
10
49
2
95
3
94
51
66
100
82
42
54
5
46
35
84
46
16
58
36
69
31
29
28
20
62
28
67
90
21
63
40
55
58
76
88
75
51
70
62
68
63
88
96
61
70
89
52
4
88
7
94
78
56
33
45
86
61
77
65
35
39
37
59
91
1
61
75
53
82
74
37
22
45
63
23
79
37
96
59
82
70
37
10
43
77
72
100
52
95
23
70
30
90
21
90
34
60
4
91
18
46
30
26
77
93
67
11
28
69
47
9
98
80
52
84
51
76
18
51
33
92
92
52
63
12
17
38
43
20
68
52
15
57
74
63
67
93
90
92
92
75
100
6
76
47
19
58
84
14
10
86
24
16
48
94
54
3
30
83
16
45
87
59
12
7
76
13
99
62
59
35
72
39
20
18
41
22
49
48
70
2
54
2
1
56
67
66
37
27
85
68
27
86
3
84
5
8
14
61
31
30
73
78
51
60
63
49
25
15
7
96
97
93
5
83
79
27
39
19
85
25
98
100
59
55
77
19
52
91
25
98
81
90
22
10
95
94
20
85
75
6
7
76
39
94
83
67
14
20
26
74
2
73
6
43
58
59
69
10
21
45
84
6
59
81
6
9
60
77
61
94
49
76
20
93
31
5
10
62
41
39
95
86
74
48
64
73
87
26
91
88
18
35
26
38
39
96
94
34
82
7
32
13
85
10
91
3
35
60
90
8
74
99
93
80
59
59
95
98
85
73
71
27
23
23
51
26
26
98
48
12
1
15
96
62
40
16
80
81
10
80
80
37
53
42
6
49
60
25
69
98
98
53
3
37
82
74
62
54
21
99
67
99
24
72
74
93
74
35
34
16
59
42
62
65
43
24
63
65
68
38
72
3
60
17
56
96
11
19
37
66
8
51
10
56
32
7
78
44
75
96
50
46
1
52
73
4
2
52
100
52
56
63
9
79
73
29
80
89
93
2
79
41
92
5
86
85
57
25
72
32
35
49
50
93
68
27
47
80
77
47
99
52
57
76
27
90
40
39
99
51
2
1
6
74
80
95
91
49
95
63
95
25
72
88
30
4
16
31
98
40
13
16
76
95
59
41
96
58
4
55
68
3
43
46
5
17
55
58
59
88
64
50
85
5
98
28
37
60
68
61
21
95
15
87
3
27
60
35
23
18
55
73
13
81
22
30
75
42
22
87
79
29
56
4
14
36
40
71
28
79
8
45
90
73
97
90
80
76
21
37
41
48
99
54
91
8
23
26
18
36
59
96
3
82
67
14
39
34
62
80
18
98
44
93
33
17
82
33
81
83
39
49
60
30
58
88
9
52
80
14
46
1
79
100
53
85
65
36
21
46
35
21
68
30
85
68
82
61
75
63
95
4
30
42
85
64
31
97
10
36
96
21
62
23
3
11
19
71
16
41
31
28
77
99
51
77
28
7
19
14
90
75
51
17
4
49
44
90
64
74
14
2
84
71
92
6
51
80
10
77
75
41
93
36
3
42
51
18
69
44
49
20
34
24
89
46
97
62
11
54
15
43
87
19
66
10
55
17
17
39
60
88
56
35
70
63
68
8
63
11
96
89
24
5
72
50
13
66
93
80
53
28
65
80
37
20
30
4
49
4
88
8
31
89
15
51
28
36
7
34
83
64
44
89
74
16
26
99
1
8
53
5
64
47
38
9
25
40
8
14
18
25
48
97
48
87
90
23
1
50
10
42
37
35
33
79
21
46
80
85
92
44
66
76
68
37
31
71
96
8
65
58
6
4
58
58
88
61
90
83
16
24
54
31
20
53
28
24
70
13
75
99
46
32
42
50
4
7
62
74
22
7
96
90
50
59
19
3
50
32
96
3
30
38
45
9
55
32
27
7
70
45
79
56
52
20
68
100
73
74
60
71
58
88
90
55
58
21
36
57
99
49
67
12
92
65
24
31
11
89
47
75
84
60
75
12
50
99
35
53
83
88
24
50
16
31
93
67
49
89
94
94
75
86
99
99
7
51
71
73
7
64
88
73
68
95
66
33
20
5
24
46
3
74
80
1
59
30
11
24
72
100
17
50
17
91
68
50
25
38
93
25
91
17
79
22
16
16
14
70
13
12
70
70
16
86
1
19
24
61
20
12
35
4
35
6
81
29
46
40
39
26
46
49
57
31
35
35
22
13
63
95
41
22
34
52
49
73
75
40
8
56
39
50
15
2
42
8
17
87
80
74
42
69
56
54
72
31
42
31
75
93
73
3
5
99
57
66
62
54
56
40
64
1
98
91
64
34
54
28
35
10
73
93
47
13
59
58
31
9
34
93
36
18
38
75
41
40
5
80
69
75
80
61
70
95
8
60
94
79
41
65
86
94
81
68
67
89
52
33
35
12
47
16
6
86
5
85
61
86
50
95
70
28
4
95
39
39
58
7
8
26
97
29
83
10
17
87
4
96
26
53
44
45
11
60
22
100
8
14
49
9
97
74
17
35
84
47
61
88
76
59
5
40
5
50
1
74
85
9
52
15
41
84
42
51
100
49
18
50
90
71
3
15
50
25
27
29
25
53
98
43
78
71
7
93
78
52
52
16
51
44
53
84
20
77
73
1
90
2
1
74
39
91
13
59
32
59
15
24
46
89
4
68
48
73
94
77
16
63
21
39
70
22
79
35
5
33
32
30
42
51
34
40
52
83
92
73
10
26
77
91
30
44
7
95
67
31
34
23
40
55
94
28
33
74
75
26
49
6
27
100
93
19
80
44
1
60
68
11
37
75
29
46
44
14
28
45
18
82
22
75
62
1
17
4
40
50
76
74
38
88
25
37
40
9
96
55
99
97
33
23
46
69
86
36
52
75
40
11
34
34
78
19
96
17
25
2
79
66
72
40
65
77
28
63
89
2
8
97
56
71
66
94
48
76
49
70
60
84
15
26
95
34
97
46
2
23
42
62
78
37
100
19
7
76
41
15
77
2
55
71
97
36
59
58
91
90
45
32
5
51
66
7
77
7
20
31
69
55
35
16
61
68
45
23
53
77
41
9
55
68
59
27
37
85
36
86
5
55
31
31
66
96
81
4
13
79
16
16
48
81
23
19
54
92
73
24
90
43
15
5
78
46
74
22
97
18
58
22
90
93
47
33
84
60
84
97
17
24
46
97
83
95
57
19
6
7
74
81
58
89
97
67
77
61
54
90
70
84
43
31
73
45
22
99
13
76
16
25
21
36
45
9
70
96
59
83
10
20
39
42
6
4
10
51
87
15
45
65
10
58
53
16
51
11
71
31
98
14
90
74
78
67
13
15
67
92
30
29
24
5
40
31
3
93
62
92
25
68
63
99
92
64
89
52
61
47
20
89
89
9
24
67
57
52
34
33
86
35
44
53
88
69
54
21
25
26
6
45
94
85
42
53
27
46
26
27
73
13
95
96
65
96
34
68
6
26
26
48
25
100
82
41
80
98
60
1
91
30
83
27
25
88
44
24
75
53
29
72
45
17
91
43
63
21
28
3
65
19
84
20
19
60
31
31
38
11
31
71
9
68
21
60
16
26
56
36
50
1
30
14
27
7
29
86
12
38
67
97
83
40
31
21
79
94
99
66
1
89
3
71
7
99
17
42
64
31
88
62
96
60
44
78
11
58
49
100
74
15
4
69
50
3
20
1
91
37
37
14
37
68
24
38
23
46
34
4
88
3
76
77
43
72
70
20
57
94
21
37
18
65
73
70
57
61
21
82
5
30
58
26
26
25
35
36
3
11
83
31
67
96
94
11
49
61
51
94
83
71
69
39
87
87
35
78
76
83
34
64
65
50
67
65
58
48
43
50
6
34
48
57
47
37
96
5
18
31
17
41
13
56
4
13
43
97
37
9
74
95
12
51
83
93
83
72
57
50
65
73
74
90
97
75
85
85
92
40
85
80
54
46
99
29
63
46
5
41
81
22
12
36
23
3
63
56
65
31
23
42
16
68
56
6
88
2
76
36
98
89
57
32
37
96
56
41
9
49
29
29
13
11
31
30
42
88
10
16
72
74
30
43
88
30
62
10
21
14
14
11
91
90
47
36
92
2
99
88
10
63
12
75
30
77
26
51
91
93
46
86
44
31
30
37
38
3
63
62
29
1
98
19
21
36
72
20
91
39
19
37
65
10
62
46
95
88
84
32
75
60
52
8
33
59
80
80
85
50
52
79
88
41
35
79
27
18
22
4
31
32
82
5
41
86
66
27
23
15
72
13
77
41
86
80
26
54
80
39
78
33
10
72
98
30
41
8
70
93
57
62
94
9
82
25
77
42
34
52
49
2
28
76
1
56
43
86
17
48
97
31
65
36
11
10
80
9
64
66
58
44
29
54
26
61
34
4
23
79
12
31
85
8
49
7
83
22
57
18
53
6
26
53
4
56
34
82
99
63
88
36
90
29
66
13
33
27
70
37
12
43
32
69
46
75
84
67
61
44
53
48
100
65
56
42
18
37
91
81
67
2
65
96
6
93
81
43
51
72
94
86
73
76
55
11
46
43
62
100
61
5
52
68
57
11
49
52
90
74
20
71
49
35
54
75
43
22
22
24
100
90
29
52
8
51
16
26
71
2
37
93
94
21
100
17
7
55
55
25
98
61
50
34
5
68
55
68
20
83
37
37
30
59
47
53
38
58
53
57
45
50
55
78
32
54
22
4
37
16
7
34
45
9
21
85
78
56
24
80
52
52
57
13
94
89
86
87
100
43
52
66
69
31
47
95
95
66
12
88
32
35
6
27
73
81
73
30
17
91
7
49
1
83
74
52
42
31
100
43
91
14
98
76
57
78
63
14
48
86
79
59
99
61
75
84
31
94
74
37
77
22
74
80
65
31
61
33
86
2
98
12
2
23
15
73
81
65
71
99
37
67
10
98
91
67
28
95
21
21
39
22
45
44
64
66
78
77
75
69
39
73
41
91
43
74
27
35
11
74
7
88
21
31
25
85
72
81
33
73
23
1
15
45
98
59
37
71
33
9
2
25
63
38
88
86
58
96
6
95
67
52
90
71
59
62
72
47
52
34
68
78
69
82
71
97
63
50
36
100
99
55
46
96
54
60
65
72
30
18
41
48
46
66
72
49
96
50
78
99
80
59
43
91
91
15
36
65
70
35
65
65
98
3
63
8
87
76
89
68
93
37
40
86
16
100
91
11
9
72
54
70
24
15
78
80
27
35
19
17
37
65
80
25
35
75
27
27
82
4
38
65
42
76
56
61
8
58
39
64
30
74
61
51
85
82
88
100
37
51
16
55
46
57
99
9
25
66
72
45
49
61
51
35
37
27
33
33
32
83
60
58
59
15
85
90
85
73
44
42
64
55
1
72
66
42
86
52
99
19
54
24
66
40
21
2
48
24
43
90
93
64
62
74
82
12
5
66
57
90
1
83
50
47
98
5
97
16
73
59
52
71
28
35
3
53
17
92
4
12
15
53
58
43
93
9
13
61
82
97
9
43
72
6
60
13
81
10
68
5
97
69
39
89
8
12
15
54
22
19
65
91
84
52
12
84
76
94
89
10
48
97
52
99
91
3
52
94
16
60
94
94
3
36
77
85
67
14
28
88
28
7
36
69
25
94
43
71
50
57
50
66
84
84
76
96
16
81
91
14
46
67
39
86
89
81
39
99
27
5
76
22
82
27
57
61
90
91
18
100
5
34
58
40
55
69
4
8
60
82
6
23
63
91
14
79
49
3
3
12
32
76
10
92
17
45
74
64
73
100
5
79
29
93
8
77
31
32
54
97
3
49
18
40
86
98
47
78
67
52
16
77
28
29
61
93
41
82
79
88
5
37
80
85
46
100
63
80
11
42
56
38
21
20
41
56
98
31
44
8
31
35
12
41
49
46
23
93
14
21
22
100
47
52
67
9
36
38
85
61
21
22
51
57
98
99
68
52
25
35
48
78
44
37
41
91
60
21
90
51
96
36
74
6
93
13
91
72
81
63
78
87
84
38
53
41
27
99
77
69
22
33
85
64
44
31
82
11
37
79
29
8
97
86
43
99
32
63
26
2
53
87
94
46
23
37
65
64
2
51
92
47
6
12
28
35
26
20
74
59
70
30
80
55
23
42
8
92
56
33
79
70
50
7
14
13
76
71
58
37
17
34
10
20
86
100
39
72
91
21
5
60
89
40
30
78
83
56
25
25
17
9
39
21
39
83
20
95
25
26
70
83
20
30
47
8
92
15
88
51
98
95
49
27
21
92
57
23
85
37
71
82
23
23
83
28
69
68
69
59
30
93
33
61
53
49
15
41
8
8
63
67
53
82
1
62
46
79
93
12
27
2
7
25
39
41
73
54
46
64
64
61
