100
5000
87
8
71
12
18
54
56
27
22
83
92
9
99
56
47
20
94
19
62
63
48
76
73
20
58
95
72
89
76
24
89
59
26
79
2
60
19
68
48
98
19
23
23
23
16
4
76
21
5
93
8
25
82
70
70
11
31
80
73
9
83
8
92
51
67
98
52
79
4
31
81
7
32
53
38
8
96
46
11
86
21
56
7
62
19
3
72
50
2
62
31
45
42
99
28
24
76
1
19
13
33
99
44
86
62
98
67
7
25
8
14
49
65
10
74
56
33
94
57
15
64
11
29
86
24
8
5
23
99
71
85
20
72
87
18
98
18
49
86
64
70
72
50
92
35
10
43
27
89
98
79
37
11
94
12
30
78
97
3
94
23
70
98
99
5
95
42
91
47
64
7
94
74
54
29
55
52
22
23
77
62
29
27
66
34
65
86
46
18
10
7
92
31
91
75
17
36
91
22
6
4
54
7
90
47
31
12
29
100
12
80
11
40
83
62
18
41
98
15
58
57
61
65
20
24
99
63
34
94
61
61
18
1
4
61
75
76
44
72
41
38
60
67
92
95
80
38
55
44
96
64
58
10
85
6
80
80
75
20
14
32
9
28
85
95
77
89
2
5
10
30
80
9
39
62
98
1
2
44
29
17
25
51
7
37
25
81
42
57
12
4
18
78
30
19
53
86
84
33
23
28
75
76
31
17
18
54
46
89
65
69
15
21
5
71
41
42
36
41
36
39
64
44
92
31
11
5
58
43
53
34
26
100
32
9
43
64
38
60
47
25
30
43
5
59
17
54
40
99
18
20
29
11
12
38
99
28
99
73
47
40
45
23
61
40
63
15
60
80
71
40
57
39
54
50
77
42
100
93
81
68
17
60
3
69
3
69
11
96
31
20
87
88
5
43
81
69
8
83
18
84
97
72
16
39
49
92
74
57
38
26
64
91
51
89
65
11
10
32
28
89
14
41
6
93
40
47
10
76
25
74
93
79
36
42
79
79
59
9
78
33
24
88
11
21
96
80
27
62
95
22
5
91
6
76
45
34
54
29
7
11
71
89
45
64
34
39
68
16
84
17
27
41
91
33
70
87
67
9
28
31
61
67
94
50
18
69
45
19
74
62
21
13
38
76
21
67
45
13
95
48
98
91
34
11
64
79
81
86
82
30
77
41
75
63
27
9
32
18
94
8
1
95
99
78
4
39
97
25
90
96
77
67
28
71
81
95
20
74
60
56
76
99
57
91
34
73
52
27
46
8
41
83
62
97
68
3
27
12
14
45
44
6
19
88
69
40
57
69
8
88
52
90
100
51
90
68
44
47
40
36
26
14
6
85
35
85
2
70
71
5
71
2
67
52
60
45
30
22
100
51
28
85
26
6
81
42
70
79
61
6
53
76
81
45
90
38
2
67
22
44
58
13
1
55
1
84
60
68
45
19
78
31
44
18
38
41
92
80
36
43
80
16
61
89
8
1
87
98
52
93
7
72
25
79
77
19
11
77
47
60
78
46
47
84
48
27
99
82
7
39
56
37
50
100
70
24
20
14
81
56
44
77
27
78
94
76
43
37
38
37
99
4
46
18
71
37
98
30
84
84
55
75
76
6
34
52
16
78
91
99
46
74
5
98
65
1
38
73
69
13
34
99
92
93
66
93
63
47
57
87
18
50
55
9
28
7
45
96
80
72
40
6
36
87
52
17
71
3
96
95
79
77
92
66
89
54
74
93
35
9
74
64
38
59
68
23
75
89
98
70
30
7
81
53
19
94
1
42
1
68
63
25
12
30
88
48
8
40
40
25
84
34
81
98
15
72
86
28
52
85
94
9
37
48
98
15
38
32
14
66
94
97
14
24
79
94
57
44
93
57
76
8
34
34
35
78
85
40
84
29
39
23
91
80
42
50
33
54
77
5
43
73
42
94
85
6
75
54
33
17
2
55
74
19
54
15
30
31
41
52
12
20
21
86
72
40
47
32
38
58
60
47
96
63
86
31
17
88
70
39
92
21
13
9
28
87
84
35
71
74
29
36
65
52
82
40
30
6
93
42
14
74
3
92
11
47
86
38
75
32
18
2
75
82
53
50
3
36
40
43
29
39
12
29
6
80
48
17
72
7
37
70
36
37
36
31
7
80
44
8
90
82
100
16
26
14
16
13
50
68
4
2
44
61
75
14
97
3
95
47
80
55
20
13
55
41
90
92
82
13
39
63
56
82
66
74
85
21
92
14
97
56
23
89
66
35
45
59
96
67
8
72
56
97
99
50
24
15
84
3
60
28
50
23
89
76
78
64
72
66
13
67
34
94
56
21
35
58
65
44
38
86
80
80
8
50
16
31
100
61
64
60
91
21
52
52
97
51
62
71
37
60
1
71
36
2
58
68
59
49
58
14
41
14
37
30
40
11
50
48
1
91
6
36
63
66
71
72
22
58
9
34
95
98
2
22
20
36
100
88
70
10
100
32
23
63
20
12
38
73
49
47
72
46
99
73
45
57
67
46
65
84
89
95
36
24
96
24
12
5
2
2
56
25
55
7
49
58
83
60
29
26
15
63
10
99
80
47
50
35
36
94
30
64
68
79
63
45
13
2
8
23
42
65
3
87
68
93
24
58
14
21
42
75
39
83
39
51
63
48
99
73
8
69
86
54
20
88
88
15
55
37
2
21
1
69
97
57
27
24
50
70
14
72
22
59
83
68
29
15
50
69
62
54
86
83
2
34
10
80
11
84
96
90
62
14
70
38
62
84
12
25
21
100
73
97
36
84
89
21
11
19
86
60
77
10
36
60
17
43
89
84
83
99
11
54
4
22
92
62
52
57
24
77
43
71
43
95
41
28
57
44
60
70
57
34
33
31
27
91
8
32
30
74
87
57
26
79
69
7
100
95
92
40
34
39
43
26
96
53
10
4
81
6
89
4
21
83
59
4
43
6
6
55
97
82
26
71
12
93
74
54
62
48
54
39
18
9
34
92
56
98
21
8
95
73
50
58
51
27
62
86
7
38
37
42
89
96
15
28
80
24
81
84
84
39
86
54
11
46
56
33
68
33
36
35
5
10
58
29
75
85
47
2
98
42
93
13
60
35
78
11
18
8
8
50
7
84
36
28
85
34
56
25
53
83
96
57
64
17
67
25
5
85
20
99
42
16
65
19
46
27
61
79
72
48
59
64
35
25
67
35
32
28
85
60
84
78
13
38
21
34
79
30
69
61
1
29
46
64
31
79
70
25
72
92
84
37
56
84
22
44
65
82
34
46
53
83
53
41
43
40
34
62
66
88
5
55
61
92
63
60
54
27
98
70
2
91
74
14
35
100
37
16
7
71
45
54
75
99
10
37
55
73
78
80
84
98
51
85
69
53
53
35
58
27
40
47
58
24
62
100
94
92
29
12
48
31
10
56
96
84
65
47
22
86
6
28
51
77
49
37
46
16
100
65
65
23
8
87
44
46
5
32
1
28
80
61
89
3
3
18
38
7
89
93
49
61
14
57
61
5
65
61
43
50
84
94
19
14
16
73
90
61
31
40
35
96
66
21
93
88
37
62
1
56
27
26
45
83
26
89
44
78
90
54
67
66
20
78
29
28
66
75
1
67
32
62
69
14
25
41
9
83
76
56
39
97
52
56
68
35
91
97
24
42
10
64
55
93
41
35
97
33
28
78
61
55
36
99
72
31
69
89
61
83
57
11
53
45
78
67
58
14
24
56
87
71
14
14
88
81
40
32
57
92
61
60
33
33
97
100
60
4
21
37
17
50
30
41
3
51
90
9
39
44
100
40
11
35
48
65
48
37
61
52
82
78
26
30
22
48
10
48
84
100
43
76
5
5
24
72
83
22
64
74
46
31
87
28
81
27
88
2
99
11
76
66
4
52
23
49
39
34
10
84
8
59
50
45
73
57
49
95
92
22
100
34
29
36
94
25
71
14
51
90
60
31
78
92
51
100
100
92
8
34
21
7
71
84
67
46
90
61
2
36
10
24
17
62
49
28
68
71
46
66
78
18
80
14
74
18
18
27
76
36
74
95
46
74
54
16
12
97
52
74
27
45
28
23
95
49
81
51
68
91
94
88
14
69
13
34
13
48
63
66
53
83
48
15
42
40
35
100
14
99
36
68
51
83
74
37
32
92
18
1
4
92
66
47
27
42
43
34
21
62
51
92
17
62
57
43
99
62
38
14
31
6
12
94
1
33
34
43
9
61
3
9
43
57
50
99
62
19
43
80
74
42
35
72
53
53
30
61
74
83
25
52
78
19
12
69
9
50
35
95
17
36
63
19
55
89
86
59
34
14
95
28
3
96
56
93
9
79
4
21
64
70
37
73
24
42
87
22
1
9
40
32
9
57
10
72
9
53
45
11
4
36
53
66
70
65
61
91
7
79
64
34
52
51
3
71
16
15
99
70
21
81
73
25
18
31
95
36
80
84
14
47
44
60
72
23
2
30
54
83
8
99
74
74
8
80
75
72
23
76
90
34
69
69
63
49
7
20
12
69
31
10
87
93
37
76
56
86
78
92
10
27
7
46
14
98
77
28
39
53
69
51
51
46
45
82
61
35
17
81
99
37
52
74
17
55
59
87
54
87
13
76
66
88
61
78
8
33
12
46
46
16
62
72
47
81
89
51
66
99
2
55
5
93
47
22
30
44
32
46
47
96
26
15
55
81
93
24
52
71
91
59
25
80
28
88
17
67
23
96
43
8
65
34
21
7
43
94
79
39
67
46
100
65
52
86
21
23
98
33
69
67
35
7
3
83
98
81
74
20
6
49
1
24
20
16
52
47
14
46
53
23
67
63
74
80
7
74
51
27
37
84
78
10
100
35
42
59
51
93
27
5
50
10
87
71
26
12
7
15
70
71
28
75
43
13
38
97
8
98
77
33
84
68
43
12
83
61
37
92
70
50
68
33
18
21
68
77
87
33
41
59
33
4
77
75
1
95
55
51
61
89
95
19
29
97
46
65
71
5
32
98
98
45
80
12
13
1
69
36
17
64
99
45
38
85
44
20
28
10
12
23
14
88
91
61
38
7
32
6
30
97
66
26
33
54
25
83
71
22
86
13
89
67
61
47
97
99
94
18
78
9
94
69
12
38
3
33
72
42
3
31
85
40
43
80
79
47
21
87
56
21
20
17
6
22
48
62
17
66
34
3
29
75
50
90
84
43
87
2
35
17
44
56
62
97
10
33
78
18
13
42
72
43
64
7
41
59
29
71
2
95
7
4
63
3
93
85
11
21
32
8
16
37
61
87
22
11
76
40
59
27
28
21
41
47
85
56
38
79
8
20
63
69
74
4
76
84
84
28
3
29
26
98
37
60
36
2
76
9
87
36
49
34
77
25
11
87
74
48
86
77
25
59
10
93
26
33
71
83
69
55
88
63
13
7
87
37
47
20
8
16
78
73
31
96
32
74
7
78
7
73
13
13
28
72
89
47
21
49
86
87
32
37
30
20
22
97
58
59
52
81
27
58
32
5
64
17
54
55
56
96
5
8
32
93
80
28
66
6
23
66
78
81
37
93
77
71
16
12
38
61
65
36
82
76
57
96
95
45
34
37
76
39
36
26
85
66
49
16
7
100
1
55
95
42
19
11
58
90
86
43
5
70
94
58
73
66
98
39
63
70
4
41
86
59
85
19
42
86
50
79
95
87
16
43
25
54
69
89
68
70
96
98
52
51
71
48
85
99
30
90
33
4
89
42
8
40
64
11
9
48
74
17
15
47
76
71
20
96
97
42
11
45
96
19
59
91
12
14
39
12
10
70
92
57
59
93
3
73
64
10
39
45
32
97
1
64
37
65
92
26
27
78
63
18
78
74
25
15
65
78
91
57
4
37
63
72
88
50
98
15
72
75
5
97
57
87
77
31
85
22
9
73
18
79
43
30
46
42
59
84
38
84
80
10
23
60
86
49
88
5
48
53
60
93
27
33
11
31
14
20
67
18
31
40
70
100
7
32
9
61
34
10
65
43
83
64
33
54
39
50
62
27
70
86
39
62
93
43
73
76
41
38
2
65
90
9
63
67
26
53
34
99
71
36
94
47
10
59
18
64
99
77
34
12
13
88
36
95
30
71
93
37
18
2
39
21
12
84
66
29
8
56
95
21
62
67
11
52
41
63
59
20
12
77
89
19
43
99
80
34
3
75
49
60
71
67
57
72
78
23
60
54
30
91
20
18
4
43
43
55
50
23
31
78
71
75
97
100
85
1
34
22
37
16
3
99
40
5
85
33
24
60
20
74
5
44
78
60
62
80
66
48
80
46
92
72
43
82
14
11
78
45
76
58
69
39
74
21
40
41
65
18
76
73
60
10
90
70
96
15
86
80
82
78
5
28
68
62
71
60
92
66
43
62
27
12
24
60
77
78
20
71
82
45
49
6
82
3
12
7
59
42
83
80
83
12
33
25
74
29
41
79
100
14
50
82
23
45
21
35
85
44
45
1
54
39
95
27
83
62
46
34
4
97
95
97
50
47
42
94
70
93
62
92
18
10
73
52
80
69
4
4
62
65
6
10
55
38
38
81
71
51
5
44
3
31
66
44
30
76
94
14
1
25
3
52
99
55
98
28
8
10
22
50
7
8
32
100
86
27
13
75
82
54
72
95
88
93
16
91
66
61
63
31
8
68
18
20
61
6
77
74
37
73
36
10
82
80
89
23
67
56
96
17
95
49
60
42
4
75
21
77
24
98
54
30
81
41
23
19
98
61
23
13
92
95
21
42
2
66
89
70
93
96
71
42
75
43
74
5
41
89
63
40
88
74
1
90
29
43
27
59
100
64
40
67
71
10
73
65
40
83
85
98
50
9
76
71
91
74
20
97
19
64
9
1
72
93
19
79
74
61
61
64
65
15
4
9
62
13
85
48
8
71
97
83
9
77
99
36
55
94
42
23
63
46
41
14
13
27
58
45
18
23
95
57
3
93
23
52
32
72
1
55
33
29
37
14
13
97
92
39
68
47
70
55
21
50
3
8
13
42
8
94
67
31
72
58
50
84
50
96
60
13
7
90
62
49
52
32
82
19
20
9
66
84
99
17
56
63
80
23
55
83
1
22
6
80
51
71
43
82
74
37
59
24
84
74
40
16
100
83
71
10
84
48
72
98
85
23
95
37
51
99
24
6
4
17
75
21
70
52
38
100
5
93
21
67
41
77
95
56
47
28
12
99
25
51
33
35
40
74
65
71
81
24
21
94
24
57
81
38
53
78
71
76
88
38
2
78
22
25
56
31
75
92
89
17
35
30
58
42
11
21
39
28
35
43
29
68
14
84
59
65
43
50
18
4
81
100
54
96
49
70
5
35
76
44
81
77
61
54
32
65
61
52
4
2
19
79
67
21
63
16
16
14
42
22
76
42
45
58
52
22
47
48
56
16
54
53
87
65
100
84
87
13
30
9
52
35
86
21
55
5
48
98
31
58
52
62
30
40
82
53
27
93
73
24
92
17
74
83
52
66
8
97
98
47
31
64
74
41
99
55
10
86
61
48
68
28
43
21
53
5
18
17
98
76
35
92
39
96
24
68
36
15
34
19
21
79
41
40
55
47
53
22
76
90
51
18
94
74
67
9
17
93
45
90
13
27
100
98
32
88
55
59
55
95
80
78
33
85
20
44
71
14
26
96
18
83
96
13
59
15
4
91
73
20
82
15
33
100
33
11
8
74
89
63
75
79
99
13
64
99
89
79
93
43
5
24
96
86
87
34
82
91
65
60
98
9
27
15
98
10
38
59
3
30
64
62
74
95
2
100
27
74
23
44
20
35
25
64
10
27
10
15
9
29
65
49
62
59
91
41
38
27
45
35
76
96
8
40
59
70
94
36
47
16
21
45
69
58
21
26
69
13
9
18
68
70
49
46
62
10
20
46
68
49
32
30
93
49
58
25
68
36
61
72
64
84
40
91
6
53
56
77
90
26
66
62
13
15
19
97
62
12
17
29
11
21
4
87
78
53
24
27
12
54
27
85
78
81
81
81
86
71
86
51
45
22
11
62
47
29
51
50
51
51
80
90
71
12
3
18
47
86
62
80
34
67
9
68
100
34
42
54
96
40
51
5
49
78
20
14
11
38
100
9
35
4
76
8
29
23
41
9
4
72
43
38
53
34
27
88
62
31
45
7
86
71
24
50
23
35
11
72
57
8
19
91
63
87
7
83
71
91
32
74
64
11
82
80
58
46
53
21
14
98
95
99
37
85
52
64
18
94
19
59
83
49
2
48
100
51
82
31
9
22
67
100
5
76
55
95
93
30
26
16
70
61
42
21
84
86
88
72
14
98
95
27
48
72
18
10
47
21
53
80
57
90
7
13
90
33
19
1
60
67
62
85
4
72
59
21
67
19
56
86
99
68
25
53
14
75
51
8
58
100
25
90
84
58
26
84
77
89
21
77
22
51
9
14
28
88
2
45
49
74
94
89
100
14
20
6
3
98
64
91
40
85
37
79
45
63
69
95
80
2
9
19
26
49
37
61
16
34
34
88
46
13
16
96
67
88
34
56
72
39
25
62
59
79
99
94
64
48
69
27
41
65
67
80
15
82
15
46
32
70
99
8
3
14
75
87
41
17
37
27
76
87
13
98
77
59
71
11
17
59
88
84
43
33
12
87
79
34
99
27
18
22
88
47
90
48
32
41
77
55
49
69
30
3
47
78
67
15
64
99
88
97
49
85
85
9
18
12
2
2
66
53
80
29
11
84
15
74
82
64
35
68
96
22
25
81
35
19
21
3
62
66
99
56
68
64
41
88
99
66
43
24
44
88
87
67
74
56
52
75
44
55
4
84
66
93
81
76
69
44
70
18
3
67
47
3
67
56
2
80
81
99
51
82
29
14
47
59
70
92
45
61
28
69
97
70
15
85
39
35
20
92
88
63
72
66
64
22
32
34
34
10
92
67
21
35
5
16
93
95
33
83
85
2
12
82
13
65
54
94
19
42
17
79
78
88
14
75
99
65
81
18
49
22
88
2
46
34
67
2
3
85
94
58
21
52
22
76
62
53
43
16
94
81
20
82
54
3
18
70
50
21
99
40
92
59
69
48
72
7
82
2
53
20
22
47
3
37
37
30
71
80
93
19
70
79
52
25
96
58
39
81
54
27
76
69
75
65
94
27
28
74
36
64
77
34
100
88
84
42
97
73
62
71
12
3
94
26
32
77
16
20
42
20
22
4
82
27
22
21
87
66
65
7
96
97
57
15
75
88
78
17
61
12
1
43
19
16
30
82
48
85
42
9
66
58
74
36
14
31
76
45
69
66
13
64
28
34
20
52
70
49
85
27
42
40
66
82
81
28
14
2
99
47
13
91
99
13
66
26
44
52
46
65
68
31
97
8
51
42
82
94
93
42
32
62
16
39
93
55
6
18
58
49
3
26
78
27
24
11
41
45
76
4
59
91
36
79
88
68
86
54
75
72
43
8
23
35
59
44
30
13
1
85
58
23
72
70
66
19
44
19
15
48
98
76
96
58
90
61
41
11
66
13
1
29
28
88
22
41
71
9
2
8
20
12
6
70
97
22
1
46
50
27
94
38
50
92
11
57
53
100
60
92
47
71
43
41
55
10
14
87
26
76
53
26
44
75
100
27
90
92
37
60
40
31
23
19
74
85
53
51
67
92
61
22
80
92
55
3
53
71
59
29
45
40
95
45
51
42
100
80
87
68
59
7
58
38
100
25
64
55
47
12
96
52
43
19
31
91
13
60
90
28
81
60
52
56
44
92
13
57
97
85
56
40
75
38
12
83
44
84
72
79
26
100
28
31
36
72
11
25
58
88
73
53
35
50
75
30
73
7
28
79
59
100
8
51
6
88
18
70
8
10
10
100
54
22
91
97
86
63
90
96
67
89
39
55
21
26
54
80
2
18
97
60
70
9
71
33
37
27
51
57
72
66
18
90
26
45
57
65
5
35
59
13
85
15
52
68
90
57
62
23
57
78
53
74
76
68
52
21
93
31
6
72
69
15
33
80
38
75
56
59
94
13
11
29
3
24
55
26
73
25
95
23
5
94
9
66
64
14
18
44
31
36
70
76
9
4
26
71
34
87
26
40
16
78
70
1
10
94
14
31
77
69
99
59
4
4
10
38
51
78
98
39
34
75
26
80
15
90
15
98
36
28
17
80
4
61
29
47
99
84
63
45
69
45
37
20
13
27
6
5
55
42
18
29
7
28
10
37
42
9
2
84
20
42
30
11
88
31
8
50
57
77
90
25
16
98
58
5
53
84
68
23
77
24
63
10
1
19
38
74
32
37
30
17
90
20
3
26
98
93
100
27
94
21
38
42
29
85
52
37
5
56
18
33
68
2
39
49
46
90
48
62
79
100
73
64
74
23
98
6
19
69
78
59
38
22
7
32
85
62
10
23
34
91
75
65
78
61
9
87
95
79
7
69
13
66
98
88
21
59
75
34
60
69
25
14
71
79
98
63
38
15
67
71
42
50
63
35
4
13
69
2
93
13
5
73
86
7
96
41
70
99
97
9
65
84
12
8
32
84
63
57
5
34
73
50
41
2
72
12
80
47
25
1
19
81
47
76
9
23
84
62
32
26
79
38
48
78
79
6
85
85
18
91
34
52
42
78
58
71
37
37
43
25
1
95
14
22
21
54
6
51
83
16
67
90
6
59
1
78
27
73
65
64
58
69
54
42
33
78
77
59
26
90
95
90
100
24
35
21
91
89
88
56
94
42
43
76
33
9
3
9
1
35
95
33
81
63
10
49
12
89
85
15
55
26
75
18
54
76
70
64
73
16
56
39
30
8
24
47
34
13
5
81
74
91
4
9
78
62
47
6
58
44
5
44
42
76
67
75
28
80
33
63
62
54
82
86
9
27
35
72
6
86
88
79
56
59
21
44
36
35
8
37
58
14
91
1
23
33
42
91
47
81
89
30
55
44
73
58
94
8
91
62
12
83
39
67
62
59
73
12
21
39
64
36
66
53
77
75
1
68
64
62
57
3
78
37
24
85
90
1
21
20
18
30
36
83
91
66
3
38
13
26
47
34
4
7
82
22
46
58
53
85
16
61
54
47
86
86
70
16
46
37
4
23
33
12
34
77
25
55
90
74
60
11
46
79
57
32
28
7
56
55
6
16
95
77
52
52
7
96
96
72
1
38
83
19
92
31
37
92
3
3
87
74
98
68
99
94
22
33
77
62
59
86
31
66
90
76
79
97
38
19
17
13
16
57
62
10
67
89
15
54
22
23
47
16
90
90
95
58
77
39
93
67
27
2
17
28
71
51
67
30
70
63
9
6
2
76
29
34
75
81
93
56
85
12
62
