100
5000
87
73
94
86
74
72
48
80
16
14
13
90
88
2
19
68
44
29
80
20
91
100
8
6
34
40
11
38
59
76
36
78
78
9
62
62
67
7
57
71
16
30
66
28
42
92
50
85
60
55
79
16
62
94
4
61
56
59
69
40
51
65
80
86
4
74
78
40
18
57
7
27
96
33
15
69
60
73
71
42
19
91
90
1
98
1
93
52
31
19
73
44
89
53
24
36
60
44
37
21
63
33
68
58
94
12
44
20
31
41
25
78
5
95
30
19
76
79
27
25
75
84
83
67
96
52
16
58
87
88
85
41
34
24
2
22
26
90
26
51
32
45
65
38
16
43
68
89
11
61
31
51
71
23
69
42
36
34
35
9
73
68
18
4
99
86
37
59
54
51
48
41
22
14
47
86
9
18
98
66
49
40
17
64
65
28
54
54
61
96
37
5
58
23
82
22
40
55
85
84
36
84
3
56
8
23
19
21
72
13
22
5
22
73
68
67
38
85
89
71
76
4
85
61
64
94
32
43
23
49
71
15
87
47
85
70
14
93
65
71
61
80
29
62
87
45
90
25
87
69
46
63
17
39
83
28
87
3
9
49
84
78
64
30
94
38
68
79
47
52
38
79
90
63
95
38
60
93
35
82
54
90
53
38
63
97
27
98
10
61
90
28
75
56
20
71
35
99
73
6
24
93
82
39
68
80
56
44
81
70
2
70
4
20
51
60
33
49
96
36
90
94
98
15
1
86
52
4
16
35
98
38
82
58
1
96
34
18
13
39
84
80
47
59
62
11
64
4
11
14
58
56
26
40
40
57
32
1
87
73
14
88
77
49
43
12
42
39
90
54
64
97
62
53
49
24
86
59
53
82
18
24
30
44
62
91
89
87
88
95
14
13
91
73
43
7
76
72
60
42
1
71
60
29
54
1
52
10
41
2
22
48
97
69
84
55
25
53
80
67
31
54
57
84
17
43
16
32
31
92
37
23
77
55
14
26
69
31
26
10
98
16
72
14
43
29
28
6
60
62
2
38
94
61
91
27
5
48
68
14
92
29
99
23
51
41
99
24
22
6
97
33
47
47
76
36
85
20
79
8
1
64
34
40
92
87
53
23
68
24
44
50
33
80
41
2
87
68
32
99
86
40
20
26
60
84
78
87
23
93
7
17
23
10
33
57
29
50
49
23
25
10
71
4
43
55
9
97
53
79
40
100
53
70
65
2
6
11
96
26
15
52
17
15
60
18
81
6
100
87
61
96
20
63
90
33
24
37
19
73
29
12
30
21
42
3
16
87
18
81
13
30
82
82
43
64
89
41
22
30
74
51
18
16
66
13
61
94
71
40
72
78
91
21
4
41
3
94
63
71
27
57
97
16
24
24
36
83
26
51
16
60
2
19
83
98
38
14
24
22
47
12
81
74
47
47
42
85
34
96
67
40
8
50
74
89
76
48
75
68
42
87
23
58
67
69
97
32
81
57
93
40
27
28
79
98
4
87
35
84
31
69
67
47
72
45
81
99
95
98
15
87
69
96
75
70
73
96
22
48
51
73
98
57
22
32
37
56
29
71
83
97
22
55
95
66
35
7
41
74
57
77
53
76
50
43
90
42
64
11
21
23
90
26
94
48
94
46
41
82
88
84
10
7
53
22
8
44
17
55
17
51
85
99
18
9
50
42
5
34
63
81
59
33
75
72
82
69
59
3
19
59
47
87
1
84
14
74
40
97
24
12
56
65
63
35
21
30
17
93
86
14
50
24
16
9
76
64
4
78
51
75
100
60
42
27
62
48
10
32
55
16
79
84
95
96
87
68
36
36
51
17
62
11
48
50
43
32
68
3
74
17
58
69
52
6
87
36
32
73
11
21
68
30
3
89
99
78
95
38
71
88
42
34
29
52
73
54
100
60
71
49
16
98
59
75
6
23
17
64
72
9
92
13
90
4
19
48
34
73
5
40
20
43
38
77
68
35
23
100
37
50
22
94
11
63
86
88
71
100
34
59
20
61
16
15
13
76
96
39
36
12
91
51
48
30
21
56
16
11
69
17
11
99
9
90
95
77
82
45
79
20
29
69
12
88
43
29
22
24
62
90
44
72
27
47
89
23
40
57
62
71
30
15
37
18
81
23
68
14
15
43
15
47
2
90
85
64
19
8
51
99
95
44
46
5
42
73
2
79
53
20
4
22
8
3
52
56
9
75
94
55
13
14
5
7
81
58
6
50
32
19
26
42
30
87
17
97
76
68
9
72
22
49
38
51
50
1
12
23
40
67
23
6
44
14
42
91
64
22
77
88
64
59
87
10
5
73
25
33
2
30
11
2
42
53
91
48
85
29
34
15
37
29
69
79
63
47
91
40
22
70
81
1
28
37
9
15
59
78
3
61
94
42
28
1
91
47
71
70
77
36
6
100
4
88
96
48
29
58
51
73
32
83
75
77
84
56
85
73
1
52
29
32
37
5
30
48
21
92
58
84
48
42
90
17
80
59
94
93
64
6
97
41
42
3
69
90
32
94
49
10
31
66
3
18
85
97
68
42
52
61
35
31
83
52
78
21
77
67
74
56
90
47
59
79
63
84
2
89
96
69
42
53
100
6
22
46
94
57
99
26
86
28
48
18
11
63
52
40
23
86
4
37
84
19
98
14
63
52
26
9
72
99
70
54
99
100
77
31
43
27
22
14
49
54
91
83
96
79
57
19
5
56
11
38
85
72
17
60
20
56
58
68
85
97
74
56
9
95
97
16
68
78
26
90
66
90
10
89
69
93
77
64
87
25
43
20
7
86
70
34
84
31
11
17
46
45
96
27
59
29
59
89
34
77
60
19
13
91
73
87
80
45
21
100
90
63
51
59
17
89
28
35
2
85
36
42
83
46
25
66
71
59
54
39
49
76
74
16
36
90
91
36
52
15
80
85
37
99
52
86
53
7
100
99
1
70
73
99
2
32
10
79
7
11
98
55
47
41
83
69
29
13
83
82
98
41
57
42
63
24
82
43
3
91
14
16
1
99
99
20
12
47
47
51
57
15
98
58
10
23
56
20
49
57
32
2
42
85
25
94
4
87
90
67
63
99
95
56
49
94
72
69
5
46
9
74
21
1
26
38
66
11
45
98
41
76
69
4
32
26
82
17
32
94
8
31
58
44
21
8
4
16
50
74
86
24
21
44
76
43
16
35
87
37
18
19
45
21
7
77
40
78
23
35
100
78
94
79
79
96
55
21
36
78
59
48
20
19
10
63
90
75
88
32
61
30
3
40
59
26
2
96
91
30
73
33
93
68
92
80
88
90
81
87
24
29
19
87
90
93
67
94
22
91
17
49
93
39
57
26
21
41
98
32
81
26
10
63
19
50
63
77
2
78
20
4
24
94
88
6
99
98
44
5
13
73
86
38
7
89
48
79
93
72
77
13
74
86
88
8
17
41
23
54
72
62
47
98
69
1
63
30
20
37
55
10
57
11
43
76
85
61
66
43
37
66
15
55
51
70
9
23
45
45
49
55
3
21
38
59
59
18
94
92
10
25
100
10
99
62
34
52
87
43
48
99
17
36
51
29
71
74
87
65
45
16
95
89
55
80
50
99
65
20
65
49
22
30
69
47
36
55
26
28
16
88
13
30
3
31
96
29
56
45
85
15
85
95
45
80
89
53
2
45
84
36
39
84
87
90
87
99
65
10
50
78
63
64
26
1
33
73
32
65
21
50
36
31
32
23
96
3
15
80
96
43
76
90
50
79
54
49
47
54
12
3
52
28
42
7
100
52
12
1
41
48
73
11
3
92
93
82
100
1
59
16
19
65
59
75
27
87
51
18
68
10
5
59
30
84
13
43
41
95
12
84
20
74
29
96
79
72
29
53
89
20
2
12
69
75
68
47
6
95
99
100
38
14
13
23
37
57
16
74
25
24
91
15
6
26
56
98
80
7
12
66
76
80
17
8
37
24
92
90
66
73
44
59
47
84
23
42
66
98
3
9
75
75
57
27
91
75
55
9
40
33
6
31
21
92
25
100
71
34
45
6
75
87
32
78
75
94
2
19
8
33
97
86
96
3
6
27
100
84
61
98
100
21
11
67
91
66
36
76
74
68
18
37
24
85
27
29
19
37
43
55
31
65
40
30
98
48
2
89
9
65
52
91
38
52
49
58
94
7
71
22
86
69
87
64
2
1
29
80
62
80
96
94
22
47
87
34
80
99
41
80
89
17
24
45
54
53
88
78
67
38
33
25
46
8
57
69
33
96
26
66
44
19
91
24
56
63
70
65
85
79
77
14
74
1
77
19
45
55
11
88
97
62
2
82
34
5
55
18
72
70
55
84
69
92
89
68
41
98
64
84
80
57
66
29
98
10
9
62
42
78
4
96
4
7
15
91
20
50
58
53
26
36
42
30
44
72
64
89
44
18
5
41
83
73
67
87
94
62
21
52
9
30
92
79
66
6
76
38
14
74
39
42
66
36
80
26
52
47
16
94
44
87
3
74
24
95
86
80
55
31
60
3
62
93
6
29
7
86
85
94
53
83
93
84
68
94
7
88
95
58
69
88
58
67
34
70
81
50
27
3
15
75
100
9
80
40
45
9
69
21
1
47
84
12
19
70
62
1
28
36
75
35
45
89
84
36
75
63
14
43
20
4
91
35
62
21
50
20
18
83
64
2
19
45
79
2
18
5
84
4
32
12
77
52
2
4
61
5
70
26
83
11
99
14
37
49
13
59
5
28
53
44
81
2
71
73
29
69
100
44
73
82
35
98
98
27
68
87
41
14
38
41
53
60
30
14
96
96
11
87
47
79
88
47
42
55
9
29
74
65
8
8
42
60
74
40
40
98
13
52
73
9
76
36
75
45
53
45
91
77
24
33
46
50
63
20
88
31
84
67
48
24
85
56
82
37
12
85
37
22
92
1
76
62
38
5
63
87
82
17
54
15
46
57
36
9
33
94
45
60
66
62
30
1
20
47
49
83
40
25
55
40
38
94
35
46
46
30
40
89
33
8
94
2
11
7
2
81
77
26
15
58
66
62
50
14
56
28
10
81
79
21
55
46
63
87
31
87
52
29
74
91
67
25
94
68
29
10
9
79
96
31
3
73
87
92
64
61
78
39
57
71
88
76
5
88
40
9
58
79
13
68
80
7
44
44
93
41
23
81
28
58
12
57
37
6
44
10
36
93
23
55
34
91
60
98
20
80
74
32
17
85
55
88
69
76
91
50
27
9
22
42
50
15
43
87
13
96
57
23
20
95
9
31
91
24
65
60
78
78
28
35
75
15
40
83
82
47
8
47
79
47
43
44
55
45
53
65
13
70
9
6
73
89
17
72
10
71
68
95
77
51
31
62
72
52
35
35
93
71
9
13
46
87
18
85
22
19
55
96
5
43
41
14
97
40
93
30
17
43
49
70
9
42
64
45
34
36
60
53
11
59
23
39
76
12
14
51
27
84
96
67
38
94
55
34
5
8
79
83
33
17
69
54
16
35
58
93
72
84
96
85
45
56
70
78
43
36
47
45
86
52
85
24
87
27
6
56
5
65
47
91
62
37
82
7
64
54
81
55
28
14
91
14
37
77
62
17
71
6
61
31
42
39
96
35
5
11
27
90
75
76
97
49
35
83
7
84
92
22
51
94
68
51
27
86
91
33
23
56
5
41
49
11
85
91
96
97
13
3
82
93
91
45
85
14
79
64
84
86
39
9
67
1
32
55
28
30
33
73
39
52
59
23
36
24
78
38
89
91
21
52
91
41
74
41
8
85
85
54
75
82
60
51
46
70
97
73
63
88
63
21
63
82
53
44
44
22
91
45
85
10
32
97
3
94
79
12
55
46
21
23
10
21
40
1
63
16
48
12
29
45
23
80
67
50
24
84
28
35
62
89
30
23
66
47
4
95
26
69
79
26
37
99
84
46
77
20
54
48
78
96
25
5
16
98
58
97
34
63
16
62
12
56
56
37
92
58
92
64
68
6
97
24
88
15
33
47
5
49
17
30
49
35
93
46
35
3
70
50
50
11
93
23
88
46
86
5
22
57
34
20
24
39
50
85
60
69
60
52
63
64
60
4
99
95
95
30
89
37
80
52
100
50
62
75
60
64
22
81
31
40
43
25
9
98
17
46
60
5
27
1
35
15
24
62
69
9
78
2
36
84
27
64
27
4
2
89
71
45
76
88
68
65
43
17
48
57
52
59
31
41
10
62
22
7
27
71
38
62
83
54
30
73
41
44
86
62
54
88
29
96
39
84
30
28
85
71
9
16
70
59
10
34
52
81
87
43
65
57
57
76
77
38
15
19
56
17
83
15
66
54
99
26
100
94
23
91
63
43
36
18
96
54
59
65
24
49
68
30
74
11
31
82
59
27
54
98
45
88
26
3
96
80
22
73
9
28
42
73
79
35
100
57
47
71
65
55
71
35
83
77
48
35
54
43
20
6
53
15
96
66
14
54
64
9
20
59
47
97
6
68
25
67
57
92
47
12
58
53
81
18
95
31
81
62
88
25
1
99
35
23
61
25
66
22
24
9
72
57
98
97
65
48
8
23
57
88
95
53
92
86
46
37
37
79
73
96
16
67
3
14
94
46
21
58
23
75
49
54
35
51
65
61
34
59
35
29
60
52
76
82
83
6
55
63
96
66
59
49
80
96
29
9
47
73
86
50
58
77
67
69
92
38
51
23
56
7
16
37
11
59
8
18
73
66
47
79
13
16
74
95
46
30
4
1
20
87
21
74
26
54
88
13
32
71
80
7
75
7
32
69
72
77
25
77
43
21
14
3
71
12
52
90
10
14
75
24
57
41
43
55
11
15
82
8
32
30
27
26
60
31
97
68
87
24
2
26
18
79
30
68
29
69
78
86
34
46
84
74
70
43
56
96
77
9
12
87
29
50
91
50
6
81
23
91
12
36
13
35
53
41
13
30
31
67
47
80
85
51
56
21
34
39
3
42
94
97
2
59
78
47
2
78
95
27
62
2
53
90
91
14
65
2
2
63
48
34
48
16
24
22
7
25
1
4
20
86
21
14
22
15
32
9
14
44
56
47
91
50
56
12
93
25
54
49
3
42
65
52
25
16
33
42
80
43
77
43
5
76
54
19
23
12
43
63
48
19
61
86
45
20
29
66
52
37
52
100
49
81
57
36
6
71
53
75
44
88
77
76
61
58
86
40
5
59
54
81
21
16
77
30
26
23
72
33
34
73
48
33
4
98
9
38
98
61
50
62
40
75
67
35
74
93
90
57
10
54
94
56
5
53
78
91
64
61
20
32
26
92
9
31
45
82
75
2
74
48
60
44
7
9
88
38
59
3
79
6
94
89
61
38
76
8
42
76
55
23
36
20
54
9
51
16
83
24
6
37
21
6
22
74
6
65
44
88
31
31
91
94
47
82
74
61
93
77
55
11
99
92
61
17
9
89
40
56
87
56
30
62
4
51
48
77
87
5
17
26
10
52
69
86
94
49
78
48
90
50
42
82
58
74
49
71
87
95
42
45
58
25
38
65
73
48
14
5
93
89
59
83
3
4
17
51
43
49
67
84
83
28
23
5
44
72
37
47
23
46
93
34
52
72
77
12
18
21
53
80
59
58
69
90
95
59
23
64
35
27
76
73
88
61
78
43
26
15
2
43
13
84
54
98
91
82
8
13
16
42
5
59
12
16
16
25
93
17
95
19
14
54
4
93
75
27
29
65
70
68
36
77
22
5
19
56
33
58
87
16
82
60
14
84
94
49
43
1
12
39
35
42
1
36
84
97
76
8
53
48
58
29
24
30
9
94
1
59
45
49
5
66
9
49
32
80
37
5
27
57
28
37
14
24
52
61
7
34
22
28
56
3
27
6
3
63
48
87
70
4
62
68
67
85
59
37
80
98
41
95
7
78
28
41
89
19
40
89
50
47
82
92
84
36
55
36
13
60
80
31
60
60
53
51
24
32
31
11
77
25
56
53
95
55
4
40
7
27
48
69
19
54
85
3
34
24
29
24
3
78
62
59
75
22
59
29
1
33
35
86
29
70
72
77
76
28
43
93
33
93
10
22
53
11
52
42
74
28
8
57
18
75
15
16
73
52
25
97
50
87
2
98
96
81
17
76
97
9
72
66
43
59
100
22
60
73
4
70
58
4
4
89
80
99
34
36
93
27
66
4
82
45
2
73
1
34
19
100
55
15
87
93
77
66
34
50
10
63
32
18
53
3
38
37
65
50
76
40
99
39
95
11
28
91
61
73
48
49
57
70
94
32
67
65
23
18
7
92
91
3
94
99
90
17
98
48
3
21
73
65
41
92
33
98
66
70
47
89
20
5
26
35
15
77
37
65
52
18
71
67
8
32
49
49
22
28
45
42
70
26
33
13
55
92
1
26
86
97
96
2
32
5
98
77
59
35
86
63
4
69
51
38
30
41
7
43
27
69
97
56
39
28
26
68
68
43
93
32
76
56
23
5
72
48
88
53
63
42
20
48
43
2
58
77
49
33
15
70
84
52
54
42
100
23
72
52
13
52
73
67
2
13
92
5
64
78
18
56
69
29
12
30
17
7
67
39
100
40
64
77
11
95
24
62
36
89
34
46
67
30
38
9
23
24
52
83
92
90
12
13
13
2
7
94
81
38
64
87
9
85
9
63
43
65
21
5
68
10
90
98
7
10
73
54
80
33
99
88
80
41
82
99
45
12
47
24
7
93
5
85
53
14
19
92
7
68
30
67
11
31
86
9
70
88
72
14
30
12
55
55
53
41
69
71
1
10
25
72
53
51
72
80
60
81
64
74
20
100
30
45
3
93
64
36
94
57
57
22
66
31
78
61
39
10
55
53
82
81
34
8
54
4
82
13
75
4
80
71
6
27
26
6
71
93
50
39
47
87
50
10
39
90
9
4
52
88
3
66
13
72
26
87
86
38
65
75
19
59
96
86
43
63
65
70
82
36
20
74
86
24
84
22
19
83
11
35
42
38
76
88
49
37
65
81
11
85
22
33
35
80
36
82
17
61
11
8
7
15
26
92
30
99
76
51
77
68
30
39
10
9
92
37
10
57
8
58
67
54
53
30
65
39
82
88
37
42
10
46
44
8
59
68
52
95
84
69
2
68
6
91
91
64
56
59
41
1
29
40
39
8
35
83
45
3
14
15
35
70
51
45
76
49
36
14
48
15
62
24
36
25
37
21
97
66
23
66
50
66
34
17
4
57
5
95
20
8
47
47
44
62
33
62
7
40
61
49
52
32
84
85
19
20
72
89
8
29
36
57
43
51
20
79
40
47
82
40
39
8
81
72
99
17
60
92
88
96
12
48
66
16
6
41
45
34
96
17
39
8
50
53
97
61
61
90
39
90
16
35
52
3
91
55
34
28
97
84
29
77
56
65
22
99
70
28
55
53
13
2
17
31
24
100
49
94
73
40
92
42
10
25
42
69
82
30
29
80
19
49
5
70
92
98
92
8
84
23
56
27
57
1
38
46
83
67
9
62
21
45
17
87
80
96
25
27
14
25
41
20
59
57
50
25
4
10
2
38
20
51
66
55
77
38
39
62
79
52
8
32
90
29
99
36
32
23
41
79
20
84
59
93
14
90
42
26
88
92
45
47
69
89
84
44
74
87
25
31
1
50
24
96
4
2
41
17
35
37
5
31
90
46
18
82
29
88
40
76
100
62
50
24
39
8
48
51
59
55
78
30
81
12
45
92
73
82
71
77
65
83
72
18
4
30
29
25
78
7
36
45
34
50
28
41
87
97
18
33
81
29
74
48
33
81
93
26
89
74
37
19
38
89
28
97
93
54
24
52
98
93
36
7
25
25
94
72
56
60
85
51
41
83
2
53
25
8
30
24
79
22
37
28
52
77
85
39
52
82
96
55
47
91
55
18
76
48
15
45
73
16
20
50
27
14
56
88
51
72
76
22
49
63
47
64
98
88
39
16
95
62
92
29
91
1
99
85
80
91
46
23
49
75
58
24
25
89
39
61
15
75
87
57
44
85
27
62
99
50
54
54
79
75
16
92
7
52
34
19
48
68
42
45
73
80
31
68
80
53
12
36
83
77
26
14
38
85
60
70
77
88
82
75
62
92
24
97
6
39
16
24
61
24
9
86
84
42
91
50
16
72
93
38
79
20
43
46
13
100
49
67
98
24
70
45
24
33
34
68
31
19
92
52
62
86
76
94
14
81
43
92
45
19
11
78
40
34
51
18
3
58
70
95
36
92
77
44
57
85
45
5
20
15
12
77
12
26
65
48
7
40
86
85
38
33
87
88
19
12
40
56
91
12
58
76
17
82
40
61
25
64
85
43
100
51
23
19
46
24
98
89
30
63
69
64
36
81
51
60
9
40
45
95
72
64
24
97
93
76
45
3
38
4
87
71
39
19
30
51
63
13
11
79
28
50
87
77
86
82
72
58
92
33
94
80
4
37
79
82
65
25
75
100
28
7
50
51
95
39
92
1
43
63
20
68
37
78
83
13
33
78
44
2
59
61
58
71
93
96
45
51
54
54
68
84
43
76
88
37
4
32
72
39
63
64
27
53
95
50
31
70
42
75
17
40
66
77
22
74
9
84
42
13
25
65
53
35
1
77
16
97
10
25
16
64
41
70
23
54
97
53
40
55
65
88
79
93
57
40
50
32
89
40
40
26
67
95
27
16
44
16
4
57
16
38
45
13
49
22
34
25
35
15
98
9
100
35
51
15
5
23
85
99
53
48
18
36
86
64
11
76
78
2
20
67
15
89
12
67
63
93
49
56
37
10
53
40
86
1
63
35
37
22
23
60
24
92
58
63
47
28
16
31
66
92
20
44
68
77
47
98
77
26
84
29
54
53
39
6
7
78
20
55
90
81
29
99
94
59
21
10
89
23
85
18
51
14
55
25
87
91
59
72
25
38
6
55
26
14
55
65
18
77
26
41
65
27
58
14
5
76
44
15
44
16
59
61
67
17
32
53
70
7
12
47
50
34
44
15
3
57
35
72
81
53
48
31
63
5
52
63
11
11
50
78
12
56
3
88
42
20
60
93
52
85
63
82
13
27
9
19
64
38
24
92
31
14
88
16
94
53
52
18
61
14
13
66
76
2
71
96
32
26
3
98
3
91
8
51
48
75
62
93
39
83
19
57
69
51
1
15
30
61
99
44
35
59
88
39
93
97
14
77
39
34
26
75
78
97
26
49
99
39
78
9
52
53
27
21
11
82
82
92
19
41
9
49
24
6
4
25
65
22
11
99
4
49
95
74
30
66
22
50
91
32
32
44
52
30
31
64
8
51
20
28
80
73
44
24
97
40
80
67
96
84
67
16
