100
5000
86
68
44
7
75
11
65
4
10
83
32
92
12
1
49
59
59
72
57
83
98
72
69
88
90
89
41
73
53
4
54
65
85
47
25
57
53
25
33
3
59
32
74
51
45
9
3
25
92
16
16
27
6
14
83
97
24
25
7
78
55
86
63
87
97
29
59
91
22
92
44
3
3
10
86
36
52
33
14
55
18
95
72
47
35
9
30
78
78
96
31
3
83
1
92
42
11
39
25
8
98
73
23
81
69
47
59
57
11
49
72
6
25
61
69
28
100
66
67
45
23
12
64
50
10
80
30
3
51
25
20
50
30
100
66
37
11
96
63
53
12
43
83
29
29
88
66
29
55
24
62
25
1
16
100
12
75
27
77
13
58
14
27
86
54
26
55
39
48
64
48
98
8
9
32
93
82
27
58
77
48
30
16
48
39
57
22
84
95
22
27
99
94
77
51
35
63
86
35
25
82
62
75
71
43
98
88
86
5
92
62
2
81
100
53
97
10
100
35
37
1
74
19
50
57
42
80
3
23
53
22
6
94
57
27
37
100
61
1
66
78
7
1
13
1
3
60
30
14
79
100
85
75
98
45
43
92
52
51
53
50
38
57
9
96
85
29
77
38
77
97
1
97
97
73
20
64
62
14
69
55
15
40
63
60
19
18
93
2
60
58
27
92
32
7
1
95
45
30
11
53
4
61
34
32
71
34
11
66
33
82
64
58
53
73
36
44
57
91
33
16
48
36
80
31
17
85
45
99
90
89
19
41
3
1
40
11
35
51
97
79
42
42
57
38
51
61
15
25
57
4
14
67
78
55
46
45
2
5
69
9
14
88
61
65
13
77
43
90
23
75
71
16
87
92
26
82
18
23
33
94
25
88
87
5
43
53
16
84
43
16
69
82
26
8
65
77
49
85
62
15
67
69
74
24
89
90
5
3
32
100
51
45
37
91
96
63
42
22
26
61
38
8
18
91
48
91
95
74
33
24
89
89
62
58
28
40
22
55
89
61
77
50
74
77
31
49
17
89
19
18
53
97
29
21
96
6
40
21
46
95
45
65
19
22
3
36
29
13
41
14
12
68
100
38
65
33
45
91
89
19
86
80
34
69
25
99
53
80
87
8
56
32
64
88
22
84
1
96
98
68
57
98
66
87
90
31
21
15
38
37
65
78
68
93
82
99
32
72
99
84
90
64
97
53
63
84
38
93
18
85
63
29
14
91
28
26
99
31
85
25
71
52
54
6
65
5
31
13
56
33
26
33
14
38
90
74
40
15
62
32
65
90
7
1
2
53
99
16
39
71
25
83
22
55
75
83
35
40
94
7
18
71
47
96
40
65
32
99
70
26
86
13
60
26
59
71
23
35
48
26
32
80
49
22
51
26
63
4
41
14
97
84
15
65
63
24
93
11
17
58
38
54
48
48
69
68
36
33
30
90
7
52
45
56
28
93
73
69
55
80
34
2
18
86
29
54
68
41
75
44
54
7
99
46
90
24
81
54
71
68
70
49
5
55
92
72
22
13
30
86
37
44
83
64
61
9
38
30
18
24
93
16
12
21
93
35
60
54
11
73
63
6
89
49
9
76
42
2
35
91
69
98
13
72
58
45
58
2
14
20
75
5
98
11
37
63
96
53
8
8
85
77
35
100
55
86
6
63
70
46
49
25
36
14
26
21
39
99
33
58
53
9
66
57
61
58
20
100
70
73
30
19
79
99
25
21
47
14
57
77
40
95
42
6
58
44
7
14
50
80
26
22
52
27
61
65
53
42
66
11
78
15
70
52
96
82
55
19
38
82
35
91
71
29
33
24
13
95
81
78
15
80
39
74
20
58
23
82
3
100
1
47
7
83
65
64
97
1
91
43
51
36
69
4
57
11
37
86
43
86
100
82
38
5
68
12
67
52
77
100
45
12
65
50
25
19
43
30
78
17
44
2
22
9
50
86
79
49
90
51
11
63
54
1
19
31
99
79
9
31
72
3
1
91
53
41
51
15
39
81
31
33
74
59
87
2
23
82
99
82
88
94
13
77
56
49
66
60
16
16
85
59
33
24
92
87
30
96
94
26
24
9
64
3
14
50
53
90
67
92
48
98
50
12
78
38
97
67
54
3
61
80
89
97
53
66
16
56
59
84
81
2
80
75
60
38
72
54
12
16
57
62
65
10
96
48
64
3
61
87
41
70
73
11
16
43
15
73
38
60
91
6
45
50
4
61
23
69
44
28
49
27
27
42
38
66
79
64
25
51
31
45
75
67
31
46
48
99
44
46
59
84
2
37
27
86
42
98
96
95
60
98
22
41
24
29
50
54
42
29
13
16
9
99
1
72
98
71
56
27
35
10
88
92
91
6
43
72
2
15
39
33
59
67
4
51
88
46
26
1
36
20
41
33
78
88
44
27
79
57
6
55
44
6
35
25
59
5
78
49
70
29
91
76
16
96
52
74
52
23
81
35
85
82
31
18
88
20
15
78
21
67
77
62
86
64
53
48
21
90
24
14
38
64
21
26
63
81
55
77
42
7
58
46
93
22
53
2
36
73
29
27
11
8
34
94
59
45
25
61
27
28
18
38
88
20
96
86
48
91
11
48
54
18
5
32
39
87
17
39
88
65
3
59
46
82
40
85
16
61
41
1
6
55
14
68
87
77
27
98
90
77
34
42
32
48
63
58
68
84
87
12
65
30
70
56
41
8
100
41
56
99
21
77
6
74
36
21
100
43
55
67
9
87
64
7
51
100
37
9
49
97
28
56
17
12
66
49
85
68
71
82
9
15
70
81
25
83
87
17
34
8
77
27
50
79
60
90
71
31
92
94
75
61
22
97
75
34
73
26
38
94
90
12
69
40
88
91
49
92
72
39
60
16
71
86
14
83
90
30
87
22
66
12
58
83
49
35
7
76
98
6
82
50
73
13
41
6
97
60
13
42
75
36
42
71
14
89
10
90
79
35
26
60
21
47
53
21
93
72
24
69
80
39
47
34
71
2
64
63
75
47
54
87
14
87
100
28
80
89
98
66
21
61
41
11
53
80
11
64
42
96
25
80
65
27
93
88
38
7
15
39
95
49
74
99
71
69
25
80
88
32
69
5
31
58
60
61
87
88
98
51
56
50
28
20
3
64
38
59
85
10
77
1
69
95
52
32
92
55
100
33
49
30
99
45
95
87
54
55
2
71
70
63
33
42
76
69
66
17
72
40
2
17
35
31
55
76
78
63
60
97
55
55
88
99
69
95
34
12
99
60
3
35
85
64
80
52
46
17
62
39
96
79
33
66
85
19
49
59
81
2
87
31
12
99
51
48
33
5
6
70
34
38
44
82
98
77
27
50
44
96
27
11
99
96
2
24
10
100
13
8
29
65
2
85
13
2
83
36
41
51
1
68
70
80
94
22
10
64
47
83
58
29
7
89
54
82
83
35
84
98
26
54
10
76
1
15
41
85
26
23
28
53
76
34
98
49
33
75
19
21
47
39
45
69
72
99
74
39
20
71
27
12
20
73
99
69
26
56
46
12
19
100
65
93
91
100
7
31
23
59
73
5
78
79
58
43
67
18
15
15
40
88
66
100
63
95
16
46
20
54
64
84
4
49
12
37
21
17
100
59
3
26
78
55
81
48
3
98
85
51
14
83
51
24
17
68
11
69
9
44
43
41
84
57
9
73
100
32
87
65
73
91
3
18
98
26
100
23
16
70
86
53
6
82
6
27
3
54
96
89
62
94
48
89
11
94
74
28
6
46
70
75
100
15
91
86
20
100
62
15
52
75
16
74
69
86
5
68
49
31
77
65
82
22
56
78
53
85
39
5
92
51
42
11
24
25
21
53
73
41
13
27
65
98
52
10
74
79
75
2
46
13
66
20
52
31
30
21
64
53
34
34
43
26
23
15
65
63
31
31
83
26
58
30
15
27
90
29
30
28
31
21
91
41
98
46
42
16
21
96
92
98
62
46
5
54
29
32
63
97
95
80
35
69
53
63
44
98
64
58
60
3
37
81
39
38
97
1
45
17
84
9
86
34
41
33
65
28
8
15
92
84
22
81
57
74
50
42
27
97
95
9
74
34
76
60
98
37
46
35
50
66
58
27
42
68
64
48
70
46
67
46
45
61
63
53
79
32
43
45
59
98
51
79
26
13
52
1
76
15
48
42
72
12
49
60
2
86
89
83
77
89
56
19
23
92
74
25
36
16
41
93
17
84
41
37
71
75
73
47
48
40
7
88
80
96
80
40
95
78
56
67
28
53
96
58
3
62
29
5
26
93
91
85
18
74
15
69
3
58
12
60
92
54
23
65
19
13
67
28
4
73
53
81
17
44
29
29
5
36
58
21
46
35
79
2
33
27
34
72
25
33
57
25
35
34
38
78
49
19
93
96
85
60
66
50
57
71
80
32
100
35
82
43
12
14
48
44
22
31
92
79
40
26
63
15
30
43
96
68
52
97
84
100
41
11
42
4
19
37
1
80
3
70
90
58
60
31
43
48
78
32
98
39
83
25
25
41
16
88
96
21
48
16
3
51
100
99
94
66
99
78
32
75
56
49
91
8
30
54
98
63
45
56
44
1
72
60
1
55
23
48
59
86
94
64
83
31
85
50
71
33
54
95
68
73
88
51
60
16
57
74
23
70
19
55
91
4
63
76
38
10
9
70
86
98
79
42
89
82
65
9
26
52
41
18
76
84
8
31
52
32
76
17
88
49
97
12
28
19
42
25
73
60
21
43
6
88
41
54
43
81
50
50
32
4
9
97
63
7
78
49
95
74
69
58
5
12
22
69
26
64
82
38
99
87
85
56
21
52
93
86
10
24
78
18
30
41
25
58
66
58
97
19
69
47
93
37
50
5
94
73
19
66
78
24
71
6
96
12
30
58
93
41
14
88
67
20
83
46
17
51
43
49
67
78
39
88
94
37
79
98
33
18
46
23
36
67
4
34
93
45
34
32
92
79
99
76
96
4
77
64
34
63
79
51
49
8
41
30
69
86
47
20
80
85
80
3
43
27
32
49
97
26
58
59
62
82
26
41
100
83
11
18
67
56
96
24
57
10
84
19
74
15
30
24
51
97
28
78
45
2
91
49
15
70
79
56
81
14
79
43
46
42
46
61
64
15
33
34
28
24
48
98
96
36
95
15
78
41
100
21
7
52
21
51
97
3
51
94
27
99
78
41
22
89
81
60
22
37
7
30
71
64
32
98
72
61
93
3
13
77
18
30
21
56
36
60
63
30
7
67
63
76
25
22
88
43
51
19
34
50
38
69
41
20
16
7
16
60
62
15
35
46
77
92
72
45
15
34
13
76
39
42
99
63
72
68
56
98
7
57
22
44
76
22
54
77
48
73
22
75
66
22
20
94
58
76
8
44
93
61
38
76
77
19
23
5
53
9
41
49
9
48
92
74
64
12
76
86
22
67
14
91
26
100
89
83
86
59
77
1
27
78
54
96
1
91
76
21
88
23
83
100
32
77
71
18
7
42
66
92
40
67
60
48
34
38
45
10
70
59
29
38
92
34
15
63
22
60
56
74
76
56
82
43
64
5
91
56
76
4
45
39
54
39
81
33
33
73
61
71
54
18
97
50
28
58
16
12
32
32
1
78
55
21
92
50
96
97
2
79
13
74
41
69
61
84
26
9
45
83
87
38
40
90
36
40
43
32
85
50
18
26
17
23
90
76
6
66
43
60
26
9
10
44
21
38
61
80
22
46
1
81
54
42
21
59
40
89
84
61
76
47
48
90
98
100
1
66
49
41
51
37
76
7
71
36
85
93
27
40
69
26
80
9
40
52
45
5
38
45
98
59
37
43
23
33
16
21
64
86
49
99
97
83
18
72
72
91
61
51
58
33
26
28
90
58
35
70
91
21
77
96
28
60
37
33
54
59
76
42
97
73
67
44
42
58
68
64
60
30
93
4
93
78
37
53
60
69
22
39
17
51
34
36
91
33
76
83
52
34
17
10
90
74
61
50
91
61
94
79
13
52
97
36
85
85
74
71
95
100
99
57
60
9
27
77
79
5
32
29
89
69
54
88
56
66
86
34
67
7
72
70
4
41
99
92
79
47
87
22
46
48
90
35
33
27
52
15
10
80
43
86
19
85
74
59
51
94
18
2
85
45
67
28
21
80
54
33
49
43
36
66
13
52
52
97
8
22
18
45
49
27
25
9
61
38
71
81
52
45
66
70
35
23
21
53
19
67
3
57
31
16
38
85
81
2
99
49
22
60
37
50
88
45
68
100
27
59
27
57
35
74
97
91
96
96
26
98
46
74
22
37
67
93
59
86
100
41
77
91
84
1
45
73
73
57
63
64
67
99
42
89
89
33
5
1
22
93
90
55
56
37
59
73
63
42
9
86
49
10
81
54
78
15
24
12
22
93
56
51
89
97
19
100
19
31
84
23
57
1
61
77
42
92
53
98
82
59
52
75
43
81
43
59
52
73
18
77
98
6
55
95
13
95
7
21
46
99
71
1
50
2
13
43
92
8
48
39
68
27
98
10
79
55
52
68
83
93
35
79
77
4
68
92
31
68
33
3
74
49
12
65
45
44
99
41
39
62
69
52
15
14
19
44
75
75
33
94
100
85
52
81
71
75
63
49
62
58
83
98
85
42
79
88
60
93
37
16
54
50
31
30
68
43
57
36
40
13
47
26
10
16
6
16
49
4
91
94
47
9
12
10
61
87
93
52
27
45
83
100
51
23
100
27
12
79
50
55
35
27
71
55
89
1
92
20
45
26
29
80
23
20
94
73
39
20
82
37
43
57
84
42
99
11
3
76
7
57
29
78
43
98
45
57
32
39
41
65
7
4
29
93
71
1
64
96
62
16
3
25
39
88
62
18
92
21
68
12
95
77
98
49
81
97
88
31
97
100
9
99
64
2
66
35
61
74
6
7
45
61
11
10
64
47
68
27
98
53
12
84
82
45
81
10
42
68
68
28
10
22
7
12
19
79
13
100
73
30
59
65
76
45
35
49
34
39
23
12
13
40
82
38
83
41
60
71
38
3
58
22
98
40
54
12
70
44
60
75
60
58
80
52
60
34
73
42
23
56
40
61
28
56
15
56
81
61
67
4
35
95
12
34
14
65
93
73
41
54
95
39
39
51
68
62
11
60
34
12
83
65
28
62
5
88
67
5
13
73
60
11
20
80
11
63
21
48
48
65
67
62
28
12
30
79
76
18
28
61
43
81
49
67
81
71
7
68
45
59
63
38
2
57
95
68
15
10
89
95
62
29
45
59
65
39
95
34
34
4
12
27
85
30
98
66
8
76
20
81
67
41
48
7
46
95
13
23
40
26
45
83
39
90
17
87
11
36
91
12
44
45
60
5
51
78
14
25
42
95
42
65
10
47
32
66
91
42
51
37
23
59
2
28
60
60
33
67
89
51
71
85
15
95
60
79
57
90
33
20
99
41
9
49
100
92
92
93
73
82
95
60
44
26
94
39
58
70
53
37
27
8
44
89
30
75
55
85
82
9
52
52
8
10
19
27
77
45
41
35
6
19
88
6
55
19
77
52
18
30
48
21
38
12
27
52
91
17
9
74
67
100
22
66
74
54
8
83
65
40
46
9
80
25
96
27
29
25
64
79
76
98
50
4
7
99
66
54
48
14
45
74
77
41
75
38
66
42
55
20
57
45
91
38
22
36
24
86
70
48
9
17
95
16
96
66
27
23
78
55
53
69
57
42
33
57
6
20
6
11
5
73
93
32
82
95
32
57
71
20
57
57
4
72
91
7
63
94
70
6
95
9
59
80
100
56
1
67
38
99
26
36
78
7
30
16
56
79
65
10
52
20
63
33
12
83
66
59
16
1
19
47
42
80
19
90
82
13
76
92
3
56
57
35
49
70
92
15
46
45
26
52
62
35
17
88
89
7
52
44
82
84
21
25
11
78
83
30
100
52
45
10
59
50
63
48
18
55
61
9
96
74
79
21
70
19
70
28
25
2
22
24
43
37
100
87
89
8
1
99
7
71
44
62
73
62
25
91
14
84
83
81
77
48
38
48
98
87
83
70
19
26
50
70
55
95
84
81
35
93
85
43
72
36
59
18
36
56
56
79
73
1
82
37
46
1
24
87
82
100
51
56
83
56
7
46
89
24
70
35
7
67
59
6
42
28
98
61
18
20
86
15
67
42
71
4
79
63
21
77
75
55
11
85
37
17
45
76
99
8
13
50
31
28
54
34
72
41
72
82
39
4
76
25
75
30
16
19
77
18
64
94
55
56
76
19
39
39
39
47
26
81
35
12
84
72
93
64
75
67
98
75
90
71
34
80
80
13
67
22
49
55
32
11
67
59
62
28
33
23
69
13
34
70
71
9
58
18
82
99
95
56
24
63
76
66
19
64
91
68
64
54
20
96
10
48
17
20
95
93
16
100
44
35
63
1
31
10
35
21
99
88
100
86
24
50
14
94
35
100
40
88
16
59
30
91
9
98
8
36
60
20
55
54
4
6
28
33
36
30
93
98
21
43
5
69
63
86
2
5
47
46
2
55
18
21
60
82
16
92
46
54
41
49
8
70
14
57
83
76
99
49
59
55
27
31
60
90
30
68
21
88
42
11
18
37
82
9
11
76
99
1
94
30
5
62
40
47
88
13
27
80
15
3
79
39
51
90
45
85
86
75
51
46
91
35
96
1
26
61
73
26
98
56
21
70
84
72
20
12
42
21
79
16
81
79
4
39
40
18
9
2
56
95
9
83
43
34
1
31
58
73
83
43
89
49
69
54
73
50
32
5
62
80
82
35
50
53
74
49
99
4
17
55
36
4
83
20
62
11
63
30
87
12
26
3
59
27
57
36
55
73
61
100
13
85
98
75
16
80
5
65
3
86
66
69
95
52
35
64
20
91
76
78
13
1
32
61
93
23
59
71
96
36
72
88
52
23
92
87
8
31
5
34
60
72
100
51
79
49
45
65
56
60
41
17
46
92
44
67
9
34
40
25
61
70
64
75
44
53
1
35
100
76
47
58
34
33
44
48
7
21
93
54
58
72
82
88
58
25
16
71
27
62
4
74
45
56
93
87
29
20
91
88
74
36
50
21
60
47
89
86
65
41
72
65
37
80
67
20
15
43
29
50
90
35
5
84
77
70
79
60
63
10
38
34
37
32
57
76
24
59
6
23
14
67
82
9
49
22
45
4
22
58
32
99
15
80
9
74
64
64
6
93
15
70
11
45
95
95
17
64
88
53
21
46
94
31
22
49
22
53
84
95
79
60
76
37
62
48
8
20
24
61
42
25
63
62
2
69
13
47
36
91
14
3
44
49
30
1
62
1
76
26
93
25
82
32
48
39
20
51
45
87
20
13
66
33
49
13
6
76
87
7
89
27
71
19
39
52
3
48
99
20
53
77
90
29
27
12
23
44
78
47
91
32
35
2
95
14
91
3
79
31
96
90
8
60
82
45
34
22
88
92
24
26
13
24
28
100
50
39
46
36
95
90
80
62
20
98
92
1
43
21
20
58
34
58
8
38
34
90
31
83
83
55
84
4
2
42
93
32
26
24
23
87
32
10
40
38
41
7
64
54
13
15
27
50
48
69
33
48
51
97
81
51
18
59
57
64
1
36
12
67
13
14
82
59
94
16
6
12
23
86
100
76
99
68
97
32
79
20
50
66
24
26
15
74
99
54
74
88
48
39
78
56
25
90
69
19
11
27
51
14
17
73
69
96
80
13
26
10
68
84
15
79
48
45
9
66
17
78
70
91
26
77
22
87
17
36
52
3
17
43
16
31
31
38
86
71
10
73
39
32
21
75
86
29
15
9
46
58
38
70
90
11
65
72
27
35
42
1
18
14
15
13
17
44
96
43
81
36
12
73
43
40
3
42
51
100
15
53
40
23
4
4
85
16
93
80
54
36
58
22
87
21
12
7
35
80
69
88
48
70
91
37
82
70
60
8
99
55
92
33
50
72
17
77
82
16
72
65
28
87
22
84
10
86
20
100
93
35
84
7
40
39
15
30
76
52
70
9
9
15
73
27
33
27
63
5
10
66
98
64
5
29
28
43
29
2
77
10
18
30
46
99
41
40
58
1
48
74
55
78
77
73
60
3
30
61
84
16
86
23
96
24
45
24
76
68
86
65
78
43
41
73
83
45
72
28
7
45
33
72
24
90
41
41
20
14
60
91
22
62
81
16
11
2
24
82
1
75
38
5
46
1
44
31
93
14
98
82
50
3
26
42
54
35
13
48
16
78
20
54
19
90
70
41
56
60
57
87
67
24
65
22
77
79
17
97
15
30
100
60
35
51
76
40
40
26
3
5
25
37
25
19
35
48
55
27
93
95
85
33
34
37
71
62
17
51
65
36
69
35
38
41
29
99
52
88
63
88
4
88
86
29
88
92
81
87
28
18
76
59
22
99
54
48
69
31
85
18
30
67
73
35
77
33
49
61
61
11
80
40
50
51
29
74
65
88
88
76
27
83
5
6
30
90
89
29
80
68
23
100
23
77
54
10
99
59
11
1
84
44
70
95
30
4
80
22
98
15
51
60
97
28
28
56
74
66
76
87
8
69
58
92
100
2
25
21
59
60
83
81
18
50
34
71
64
5
23
61
75
88
98
90
54
83
51
49
17
9
17
12
5
55
14
40
87
66
51
73
13
56
15
99
23
20
50
16
77
48
73
74
5
55
100
27
54
45
19
13
67
93
57
39
22
19
74
88
46
17
15
49
50
77
57
7
84
86
85
65
55
19
36
27
67
7
41
43
78
26
64
43
29
83
4
43
49
71
62
5
65
73
38
31
22
72
31
87
51
47
62
72
83
19
87
22
44
74
97
17
82
79
30
46
4
51
42
28
100
76
17
39
33
79
5
71
67
34
94
91
92
94
89
96
18
9
22
74
53
88
72
33
63
17
95
93
23
97
33
32
35
36
5
86
44
57
66
90
67
33
30
98
34
3
25
79
10
56
18
71
18
31
18
19
88
100
98
29
28
95
46
70
32
43
100
4
79
82
84
46
21
81
47
17
17
16
98
23
22
83
43
84
10
51
13
22
76
17
35
23
31
65
52
94
56
77
38
18
14
57
13
93
89
94
30
7
51
62
67
23
77
33
11
78
38
8
79
100
37
100
33
89
9
9
61
63
100
52
52
10
32
77
21
52
57
56
33
99
83
88
42
2
26
54
36
54
51
51
53
11
91
9
8
95
73
53
90
48
29
95
48
24
22
100
6
47
16
47
21
42
34
84
1
14
91
53
20
50
35
93
45
52
95
60
70
14
79
52
86
100
84
15
44
10
82
67
87
15
93
95
70
68
65
96
25
