100
5000
37
64
44
54
55
2
41
26
25
75
24
21
53
35
95
69
17
8
25
12
50
60
20
92
44
78
100
40
65
86
51
6
2
9
36
12
47
19
1
30
36
95
8
60
15
67
45
71
75
93
44
21
81
54
40
63
69
48
32
95
99
75
36
6
60
60
89
45
31
79
18
34
47
98
87
92
27
41
17
6
43
64
10
97
71
62
43
98
66
66
83
23
28
1
8
9
95
57
92
22
68
19
10
89
74
99
47
38
55
54
56
9
2
4
33
93
2
71
48
43
26
53
62
45
62
56
61
16
77
76
34
75
9
87
9
99
32
82
84
69
63
61
21
55
13
45
31
2
9
96
26
61
97
27
81
32
15
24
94
26
69
46
81
48
59
36
5
1
65
31
66
54
26
33
57
45
24
87
16
87
86
9
98
92
10
64
9
73
14
87
76
80
83
58
75
51
59
37
83
81
42
73
31
45
43
77
40
12
73
87
96
70
13
84
53
86
8
16
6
82
60
76
42
26
56
41
31
10
91
15
51
46
18
51
82
14
20
95
75
97
20
26
98
67
19
60
50
57
62
20
38
7
79
5
23
37
19
63
6
27
71
64
83
66
44
74
42
74
21
86
45
21
46
42
34
49
84
1
67
84
44
8
74
31
70
30
92
56
92
75
51
98
41
73
25
89
86
92
15
12
24
90
73
86
37
14
4
30
37
21
27
41
21
82
24
67
56
21
12
53
8
29
77
27
40
72
81
50
72
78
33
68
52
91
58
90
51
22
46
66
70
34
50
35
74
56
33
31
71
59
89
16
74
82
53
81
80
45
69
48
91
35
77
29
49
6
96
87
53
34
91
5
32
60
29
37
4
15
62
96
28
53
22
58
89
27
96
86
49
32
14
70
58
90
73
28
62
63
25
4
15
4
36
57
52
58
14
88
33
73
51
74
84
31
65
7
3
3
40
94
53
25
42
52
18
65
58
9
73
12
97
83
92
90
60
60
99
13
40
36
24
51
51
51
17
7
75
37
7
70
61
67
77
66
92
7
88
42
39
40
66
18
76
83
97
41
42
49
42
81
40
97
85
91
26
99
42
36
37
33
40
92
81
1
38
54
91
47
84
46
96
7
40
54
42
18
91
9
93
71
73
100
69
26
70
49
89
15
79
90
63
59
88
29
30
69
1
8
98
67
44
98
47
57
69
37
87
22
44
75
42
84
91
61
41
5
10
86
81
98
47
88
55
23
32
30
44
32
60
76
67
88
100
84
83
16
52
64
38
10
26
46
18
39
29
43
43
49
40
67
59
33
51
91
14
19
55
39
1
58
21
85
94
33
12
93
88
53
29
59
65
82
43
10
7
2
92
55
80
49
19
87
90
6
31
76
70
10
93
37
92
2
23
45
36
39
68
80
65
43
32
86
76
82
61
57
28
45
66
66
70
15
20
65
38
95
48
1
26
6
70
6
52
37
91
39
27
1
36
13
89
13
88
12
36
18
13
37
60
75
21
80
88
56
31
29
43
78
54
66
60
92
31
38
80
100
60
24
83
93
90
41
62
66
11
50
6
13
99
46
15
52
56
29
90
99
41
68
89
12
48
16
44
50
36
81
92
44
46
71
73
20
98
10
83
65
23
78
94
23
8
33
1
7
3
50
43
66
72
66
77
93
33
57
80
57
45
4
70
64
96
90
4
37
19
63
50
29
51
18
28
48
11
96
91
88
57
67
79
43
89
70
10
96
73
44
27
46
38
17
64
82
18
32
80
19
21
41
69
6
91
44
51
13
10
92
58
41
99
93
16
50
96
43
5
27
81
41
87
42
49
28
74
12
80
82
46
43
11
14
74
72
47
58
97
61
38
91
83
35
63
12
27
16
65
26
28
36
93
87
54
6
32
89
67
45
100
2
37
1
37
54
51
11
100
8
49
47
4
98
42
83
86
49
43
78
59
85
30
32
95
79
37
38
47
54
37
41
11
91
96
51
73
90
68
42
86
44
33
15
85
36
7
35
60
81
75
44
51
99
85
20
92
46
65
65
25
92
56
66
100
41
49
28
17
90
47
35
50
12
27
91
18
91
77
23
73
65
87
13
99
71
15
100
71
15
30
35
88
82
47
91
97
20
43
76
77
22
60
62
27
56
35
2
24
23
20
63
29
50
26
74
99
94
31
87
83
62
29
93
54
47
3
53
83
89
21
94
57
75
26
22
65
12
37
69
28
34
9
91
98
30
59
69
78
69
33
3
17
47
37
90
45
66
87
96
24
11
44
60
2
53
90
43
39
16
7
25
74
96
93
10
60
32
10
68
2
98
16
43
71
83
81
19
28
17
42
81
15
53
24
93
14
6
42
44
64
12
36
61
19
30
81
9
16
7
59
96
31
57
45
38
93
2
44
88
47
86
24
47
48
14
80
33
26
79
91
79
34
16
60
44
27
64
66
14
92
41
99
73
10
3
92
91
13
82
41
68
56
66
30
91
16
52
55
6
35
56
85
90
16
82
69
9
9
21
2
17
16
83
49
50
15
12
99
50
78
71
5
80
91
47
41
55
7
63
82
8
43
31
54
42
60
35
47
62
62
75
30
17
86
47
2
79
30
32
68
91
98
83
23
74
75
56
31
78
82
62
89
92
35
69
44
35
55
71
27
33
67
12
16
31
19
48
58
83
8
69
58
11
52
17
43
42
66
42
91
85
5
80
24
6
68
93
22
76
41
77
78
75
30
23
91
66
24
25
42
3
97
67
22
86
58
73
59
56
71
5
98
26
22
90
21
62
20
32
100
40
8
11
17
20
93
100
63
37
70
28
84
35
25
27
16
48
85
4
60
12
93
73
49
8
16
59
56
63
80
16
74
96
24
8
26
84
28
99
31
91
39
26
95
21
19
28
29
82
62
45
46
32
72
2
39
40
74
73
19
21
66
66
59
6
90
96
68
75
40
97
33
35
40
34
31
16
23
60
53
88
47
37
1
30
52
86
57
51
88
89
48
15
6
43
5
32
45
85
18
69
48
4
56
31
90
43
15
46
40
71
16
58
94
62
61
40
24
72
50
30
3
5
59
66
65
84
33
66
64
12
5
37
94
26
20
23
50
58
28
66
49
32
28
33
5
80
68
35
13
22
16
95
65
49
59
43
41
29
2
82
35
87
94
18
79
77
3
11
98
63
49
55
74
8
14
94
19
71
50
73
66
72
1
40
50
53
57
13
44
39
72
19
46
68
23
61
39
2
5
2
64
96
76
75
49
54
62
25
26
61
36
2
55
79
74
74
33
64
36
58
55
38
42
67
31
3
21
72
21
96
1
58
6
80
26
3
6
50
77
47
12
8
10
45
64
19
20
4
90
48
78
69
48
57
97
24
89
95
3
93
97
61
31
6
93
54
4
13
65
56
4
71
52
64
79
88
38
36
34
85
60
8
16
97
71
79
14
69
52
84
6
50
50
37
18
58
70
57
11
41
89
79
99
86
35
37
8
37
20
51
79
79
37
22
16
69
56
98
30
100
49
73
91
51
9
25
60
57
14
36
63
100
22
52
16
45
46
37
48
79
46
12
76
40
94
97
88
29
24
81
67
99
52
50
9
83
39
45
66
74
18
19
33
90
5
24
47
41
30
66
74
90
52
74
57
43
76
62
65
34
25
43
15
9
29
6
92
45
57
26
2
36
35
7
42
78
86
52
52
34
96
14
77
9
79
99
80
59
16
88
31
15
41
19
20
93
7
43
45
70
54
99
61
57
29
28
7
26
4
50
3
80
70
16
37
11
29
9
80
1
58
56
26
31
16
78
25
21
25
89
80
11
100
27
35
32
22
71
66
69
73
97
66
46
70
45
11
59
30
67
11
43
36
86
85
30
83
1
16
65
10
28
59
61
31
96
19
88
77
22
90
3
43
2
66
72
90
6
99
15
70
6
85
25
62
53
75
49
61
30
1
35
43
37
77
19
24
64
20
36
42
84
81
23
20
51
18
71
15
1
67
10
27
31
6
1
65
82
58
77
57
99
64
38
95
22
4
92
25
6
27
23
2
34
74
83
51
22
45
16
41
38
35
41
98
40
7
9
14
70
63
17
42
38
12
35
81
49
93
36
45
88
96
89
22
98
48
19
63
68
78
24
60
64
16
65
75
55
4
93
37
86
33
22
8
2
65
42
36
20
78
25
1
66
70
93
58
100
30
28
96
60
98
74
49
40
14
2
61
73
3
71
18
4
14
55
97
60
82
33
86
60
95
20
29
83
63
87
88
85
100
99
27
92
19
25
13
97
97
92
70
54
93
67
51
97
52
76
67
41
52
22
19
83
5
84
33
9
100
71
64
97
74
98
52
88
10
78
87
43
36
73
65
1
38
4
17
34
97
92
15
60
86
92
16
82
68
36
85
40
8
31
89
62
84
94
72
66
2
23
72
93
56
67
1
55
53
56
44
54
18
53
1
84
24
76
100
7
68
18
67
86
50
63
14
2
43
22
6
35
96
14
16
49
99
30
90
20
29
15
98
3
28
41
5
90
33
87
28
30
18
95
38
44
92
70
75
51
84
20
78
58
12
74
30
73
100
29
14
21
77
37
53
67
62
4
53
77
20
31
96
36
69
31
60
100
21
84
43
90
59
98
26
41
2
26
14
68
67
39
8
83
45
96
72
35
72
12
27
30
36
8
79
61
84
52
83
64
16
78
57
2
63
74
21
47
46
83
74
79
74
53
23
83
85
13
90
60
46
1
66
44
53
13
66
93
8
29
48
99
3
10
58
12
66
96
56
9
83
30
25
15
73
17
22
40
19
8
9
41
1
65
19
37
44
89
93
7
8
68
40
57
60
11
62
84
59
55
47
86
70
73
40
65
4
43
82
8
4
8
94
35
58
21
39
98
64
57
16
20
34
86
69
40
70
10
42
89
1
4
69
49
17
78
27
91
85
71
62
40
62
73
11
24
75
34
2
43
62
88
40
46
23
63
3
65
11
64
15
35
93
87
1
13
46
30
93
25
74
43
63
50
2
83
76
37
25
4
21
33
37
92
63
60
97
86
17
62
65
81
75
51
89
97
69
66
27
69
66
40
5
75
36
100
33
98
51
88
49
1
85
89
75
12
51
72
62
9
16
98
7
10
18
7
26
9
43
51
66
22
44
81
36
24
15
100
93
78
96
57
48
65
26
48
11
79
16
87
75
82
54
30
71
11
82
94
10
96
44
90
24
16
43
57
30
23
66
67
60
57
55
56
2
80
43
13
58
34
7
69
21
37
91
75
68
58
15
48
40
58
80
10
17
32
63
87
16
77
36
29
44
48
50
74
2
85
47
88
8
80
82
17
40
26
95
34
20
97
83
50
6
34
61
47
26
61
35
46
34
6
59
58
6
30
28
8
24
1
47
92
1
12
9
70
66
18
69
4
73
10
51
51
19
22
9
10
30
41
4
55
91
39
98
6
23
40
61
95
22
12
90
19
93
30
31
24
68
63
22
100
40
78
67
32
37
24
96
11
58
33
98
99
81
34
17
28
73
7
43
92
37
48
45
94
97
65
14
10
89
49
65
55
46
98
86
16
88
16
68
23
47
7
98
82
87
4
49
22
86
73
62
88
95
33
95
8
15
21
25
52
12
88
9
10
21
93
90
99
88
93
54
98
63
56
39
1
14
34
29
6
53
23
17
49
32
55
39
61
72
35
8
96
5
53
40
5
66
89
23
73
80
14
50
92
86
17
10
40
83
29
90
15
80
17
6
63
69
13
55
92
70
59
63
14
80
96
93
10
80
56
22
57
10
67
78
39
57
84
75
7
50
57
21
33
27
80
64
38
65
2
7
34
5
91
19
9
91
55
17
19
38
8
54
97
49
36
84
27
77
39
37
4
11
25
2
17
84
23
52
43
47
72
68
28
13
58
15
15
50
37
5
42
66
42
31
92
17
66
73
52
54
9
76
68
62
4
2
38
65
50
6
93
54
36
4
65
30
98
79
42
67
32
28
81
88
54
64
97
3
96
63
42
18
10
25
87
5
6
65
62
36
5
64
44
87
49
43
55
66
11
39
81
55
58
92
68
61
54
39
28
43
6
53
47
16
85
6
49
7
99
27
44
8
7
3
89
17
30
77
95
55
85
45
10
70
47
52
78
4
60
80
20
76
22
35
96
67
28
48
4
22
63
1
66
79
81
42
24
36
29
77
75
49
56
58
52
63
51
63
46
56
13
73
21
1
69
76
95
45
30
74
64
98
54
96
41
86
32
58
12
31
48
43
90
9
97
67
5
95
18
78
90
62
7
100
53
89
70
43
2
13
54
6
4
3
59
64
9
70
91
20
78
14
34
59
70
14
69
25
95
92
34
96
5
74
15
84
21
31
77
34
51
41
16
99
71
94
70
76
12
8
13
60
13
82
84
83
87
65
99
35
98
98
40
91
90
94
88
64
61
76
95
99
19
15
48
44
47
61
52
27
49
17
93
84
86
52
13
10
21
75
7
94
51
15
79
16
51
16
17
85
55
65
61
39
3
74
76
84
45
14
16
61
30
28
90
46
32
48
68
49
15
32
49
79
61
85
43
53
34
30
17
35
92
80
28
73
37
75
42
93
78
90
87
71
67
71
45
44
3
14
36
46
12
38
58
33
73
56
7
35
31
55
76
74
89
77
92
81
3
58
8
31
79
21
26
86
5
94
71
54
64
19
5
81
72
97
60
38
74
7
55
68
59
57
78
66
24
42
73
16
85
54
10
16
18
98
83
50
58
38
50
9
3
26
18
59
26
51
38
72
75
9
93
48
100
64
9
20
95
68
79
89
62
74
74
36
4
94
98
68
52
7
55
54
4
75
91
58
37
28
67
38
84
97
71
24
38
92
44
31
31
24
58
22
36
86
17
62
38
24
24
11
74
35
76
54
1
29
27
72
99
20
38
34
55
69
59
42
99
65
80
10
17
89
89
72
93
86
2
33
92
67
41
93
100
41
89
90
50
20
17
22
28
86
30
83
24
34
47
13
19
10
58
24
49
96
19
87
17
27
28
16
66
32
88
49
96
84
34
34
6
31
24
14
12
81
41
21
90
4
3
79
3
97
4
99
61
65
68
22
64
49
63
17
1
76
2
95
6
79
5
26
57
62
44
74
54
6
53
89
5
45
88
73
85
22
57
25
30
44
86
69
18
14
46
20
85
11
56
27
42
65
76
12
9
42
57
48
40
94
7
80
36
3
14
39
10
45
75
97
93
81
94
90
21
55
35
57
11
17
5
84
80
46
6
52
39
75
83
24
12
55
92
70
41
24
31
60
7
23
75
41
16
46
32
25
7
21
12
56
42
85
46
91
99
34
39
68
57
49
96
68
97
9
10
46
17
38
95
94
76
51
73
85
39
52
54
41
22
34
78
92
51
74
93
69
47
14
60
35
1
17
42
84
87
6
64
33
7
57
82
20
15
26
35
2
35
5
54
23
67
48
13
92
86
35
35
44
87
27
66
69
55
73
9
91
53
19
47
22
33
64
65
75
80
36
63
26
67
27
50
5
33
98
98
62
22
35
95
16
9
92
86
46
80
26
9
12
31
73
61
25
56
88
6
70
30
30
49
85
26
48
88
23
62
43
19
7
73
26
23
71
12
45
99
25
48
77
97
63
70
43
28
86
38
43
74
10
81
26
56
53
96
21
70
27
65
35
24
31
68
11
74
5
37
100
29
60
58
10
91
34
64
19
63
94
61
82
78
84
17
37
84
97
17
72
24
82
61
58
66
99
28
16
6
76
10
80
61
55
19
30
54
15
23
15
1
70
26
30
27
100
60
1
2
64
93
25
29
9
95
88
6
38
25
47
27
79
22
58
52
50
55
17
95
2
46
61
81
74
26
76
62
66
54
30
2
43
58
77
39
76
55
58
2
21
32
54
80
98
85
86
51
19
11
100
84
48
28
14
98
60
31
44
62
57
59
6
23
48
48
92
1
77
2
51
95
81
58
80
8
19
5
28
85
66
7
6
96
80
81
4
69
39
69
49
39
94
54
60
51
86
86
85
61
15
56
43
39
22
71
72
14
61
56
68
84
73
9
56
80
80
73
76
54
54
5
60
35
13
34
68
19
67
43
12
97
43
86
56
67
23
62
19
52
66
71
15
66
20
5
67
48
51
95
28
8
57
51
30
22
94
17
32
75
63
83
85
91
91
63
14
35
22
25
36
4
15
86
33
90
23
55
32
74
65
48
96
1
49
31
44
95
48
43
22
17
19
80
36
91
2
66
46
89
59
17
28
78
89
27
36
95
79
4
93
67
52
67
19
40
47
25
59
99
13
3
76
92
27
32
99
93
84
3
13
49
20
15
41
40
15
86
81
10
13
74
59
12
37
93
6
53
24
13
16
40
7
71
74
96
48
10
14
44
19
39
5
75
66
82
37
58
53
33
96
62
65
6
13
74
9
60
5
38
1
78
89
47
89
57
66
47
97
96
59
85
59
14
66
43
33
94
20
51
60
65
65
26
27
62
21
21
34
5
51
95
69
96
21
45
53
49
54
22
88
58
57
99
65
26
98
59
47
31
60
95
28
96
20
8
35
15
75
11
43
83
35
69
76
64
9
50
32
44
55
69
9
20
98
32
65
52
64
4
89
50
9
20
66
65
74
31
63
3
18
34
10
53
66
51
94
10
46
71
84
78
35
63
98
24
74
88
96
72
16
29
6
100
4
80
20
31
89
59
78
62
26
27
5
84
35
42
3
16
88
28
84
40
83
18
44
7
94
95
13
58
1
87
33
19
53
75
4
80
34
70
47
16
13
21
36
23
61
17
69
58
94
40
71
71
12
49
62
13
43
27
42
80
7
81
45
3
43
22
90
56
4
20
76
49
11
96
72
94
67
90
42
77
28
76
17
78
62
68
82
75
64
69
69
45
62
28
14
91
90
54
94
82
72
76
81
72
15
30
82
5
93
83
4
5
73
56
50
8
84
82
33
95
3
59
60
82
50
40
60
20
91
50
70
76
27
31
59
23
65
88
68
26
55
83
62
97
37
87
98
40
27
40
86
3
46
5
40
97
8
99
57
28
90
27
6
48
26
40
1
79
98
86
39
99
36
32
18
11
9
18
11
39
65
17
24
61
23
59
47
72
25
22
10
29
86
96
55
68
40
80
17
53
3
61
47
9
50
37
36
32
73
23
17
84
41
94
22
63
70
25
10
26
61
86
54
77
100
35
87
83
89
90
91
86
73
54
66
80
75
77
87
57
54
11
51
84
75
1
45
73
47
53
27
96
61
28
22
15
83
84
66
4
12
1
80
93
36
88
95
44
83
97
73
65
30
3
51
64
53
23
62
47
70
78
25
63
1
33
57
79
15
46
15
31
90
54
51
34
15
81
22
98
2
83
41
69
23
91
100
22
22
27
58
71
14
99
47
96
55
31
42
8
24
17
92
93
50
87
24
58
24
59
40
92
20
29
99
75
72
23
77
86
93
40
21
60
77
10
48
76
14
35
4
13
23
16
61
74
35
73
52
11
84
54
90
34
57
2
16
91
57
32
8
28
25
48
39
38
5
19
3
87
95
96
47
38
68
85
46
39
95
95
31
80
96
93
49
55
29
95
83
4
55
29
32
94
78
40
87
34
24
16
99
73
16
50
5
62
42
49
34
36
77
16
84
49
42
44
49
33
32
30
77
39
9
80
43
53
47
63
72
65
71
42
19
60
6
62
97
79
67
96
87
45
70
37
34
58
42
16
8
28
29
3
81
71
65
88
32
64
66
87
5
85
66
34
19
2
22
55
63
28
7
70
78
28
90
80
23
73
77
83
91
44
96
38
18
20
45
79
90
58
18
95
52
42
57
46
96
73
73
26
23
95
84
69
77
11
8
45
95
17
33
94
10
95
27
4
40
37
86
23
78
29
16
73
18
29
6
56
81
71
93
47
83
51
6
15
18
64
18
64
12
86
25
63
93
91
45
54
11
78
9
4
72
33
5
45
38
96
94
6
31
18
44
71
3
86
59
94
77
70
58
85
69
18
56
54
4
9
75
87
8
40
45
93
26
62
69
29
73
63
25
11
87
53
40
72
69
12
70
83
99
55
42
24
17
73
82
29
20
29
63
13
62
72
34
75
28
30
69
6
70
44
92
51
16
42
62
91
61
41
46
77
36
25
81
73
82
81
55
74
65
5
35
77
80
42
64
10
60
9
23
36
5
59
45
47
90
41
60
15
91
84
40
96
12
66
29
88
76
60
24
84
55
69
11
19
92
80
9
50
32
84
26
36
8
29
96
81
41
90
71
17
58
4
54
78
96
16
96
79
16
4
58
5
44
6
24
75
79
29
16
53
94
47
92
73
71
33
65
4
22
81
70
97
44
1
25
48
53
52
24
89
17
60
87
29
56
48
93
72
72
55
76
76
36
88
45
22
21
23
44
49
37
13
87
32
84
51
100
27
44
20
93
32
75
36
6
62
22
36
86
46
46
36
52
19
31
19
41
13
100
39
65
53
14
99
27
33
1
28
33
33
41
44
62
48
36
27
48
21
44
52
55
46
8
43
20
38
88
30
53
43
36
9
91
3
24
86
64
88
30
42
48
82
18
56
75
60
2
51
93
31
82
46
47
86
40
45
19
20
30
38
24
8
27
42
67
89
62
13
38
90
3
67
20
4
68
34
22
39
36
10
9
34
46
47
20
7
78
64
53
25
39
24
64
67
51
33
27
21
44
46
56
95
90
5
18
31
94
32
95
96
87
100
72
64
56
30
80
11
97
21
16
86
66
54
95
79
46
34
23
48
45
37
33
48
26
62
28
40
73
33
10
5
43
63
11
31
31
25
98
72
9
50
31
69
91
79
5
89
99
19
88
55
17
76
25
31
66
83
18
16
31
35
84
19
86
19
96
58
39
17
99
9
37
63
84
81
73
68
74
26
18
84
18
30
2
8
36
25
36
7
91
8
94
48
68
35
90
21
60
54
78
53
31
23
36
54
42
80
77
12
57
92
15
42
97
75
41
44
55
65
5
34
57
80
37
34
62
100
9
81
60
38
54
33
42
90
99
49
62
40
4
60
39
72
6
31
30
85
39
55
48
50
21
37
53
62
44
59
61
94
74
83
31
63
11
99
15
60
46
53
83
73
36
9
60
58
93
21
63
78
68
41
9
82
80
43
89
44
29
46
50
49
67
95
28
8
25
80
67
17
74
82
43
60
80
80
83
63
100
25
2
33
34
40
2
30
66
61
40
23
38
59
16
70
84
22
30
79
8
34
42
10
74
71
45
41
68
48
6
74
58
45
57
40
62
67
30
77
98
91
94
38
52
30
37
62
94
98
49
48
