100
5000
42
62
53
69
48
45
60
81
35
57
73
29
37
21
83
99
34
71
16
44
17
77
61
7
52
96
15
90
10
85
57
74
95
89
95
32
80
14
24
64
37
13
48
52
56
90
62
16
8
15
38
50
53
73
67
23
73
12
6
91
94
48
71
56
9
42
72
87
53
78
46
61
12
47
31
74
45
64
98
71
3
46
16
61
9
98
14
78
1
49
91
62
96
9
4
59
100
1
96
67
6
41
7
40
62
5
3
44
54
83
62
33
56
66
27
51
44
43
83
85
53
56
75
60
31
46
10
17
11
67
77
42
77
25
15
29
57
15
49
53
21
34
91
87
64
40
7
99
15
75
61
29
5
35
57
6
84
95
38
27
97
8
93
100
55
90
39
6
47
37
99
29
8
28
24
24
9
5
39
23
93
50
61
87
53
7
87
85
20
18
55
24
52
51
80
5
13
39
43
94
42
82
94
38
23
82
89
77
16
81
42
84
7
51
17
63
95
31
51
2
20
52
96
25
38
95
54
28
5
18
90
72
8
45
3
48
75
58
54
52
13
56
11
79
12
73
6
40
91
78
20
53
47
7
11
24
83
24
1
26
83
13
87
59
8
59
79
77
84
83
3
5
18
87
44
100
89
98
80
54
17
82
69
23
13
98
77
76
73
46
33
95
93
98
45
7
5
76
7
20
59
19
74
47
27
27
6
79
23
90
74
49
66
32
54
73
94
97
63
53
41
92
56
43
15
17
35
98
83
74
16
98
29
75
62
49
61
76
87
4
59
91
19
77
81
73
16
86
84
77
72
22
89
49
12
83
54
69
14
12
22
15
13
15
100
27
20
32
78
67
9
78
45
64
74
35
40
80
1
90
26
90
29
74
49
21
59
26
25
64
40
47
8
15
35
48
67
92
45
70
30
77
69
66
97
50
17
75
27
39
18
53
15
38
47
27
21
17
59
62
30
63
9
67
3
47
91
98
26
62
37
88
70
58
23
15
54
86
51
37
1
39
29
90
4
42
73
55
16
70
22
43
13
48
2
30
85
66
39
97
60
29
85
19
88
56
64
10
67
99
38
16
92
56
10
23
99
74
32
34
77
38
10
60
40
29
63
32
85
64
15
90
81
3
59
58
82
25
15
24
53
90
46
16
72
74
36
88
81
16
69
69
46
62
11
38
55
28
40
50
62
79
81
61
44
74
53
15
13
97
68
3
46
96
21
58
60
71
14
51
97
97
5
73
26
6
3
44
82
38
62
46
98
51
98
59
23
61
21
86
72
80
56
82
86
56
73
37
98
44
17
28
40
87
5
70
73
73
90
45
92
8
23
67
83
36
64
60
72
98
24
75
61
86
97
89
48
74
3
14
46
70
3
100
16
49
29
55
7
44
79
27
46
39
88
89
44
42
86
49
15
75
72
79
33
100
66
5
57
72
53
21
78
8
83
46
28
88
50
33
92
64
33
59
78
79
48
48
68
9
69
81
1
80
41
53
40
25
7
16
87
73
49
89
81
41
91
10
100
4
19
50
50
89
78
59
74
26
20
60
33
31
10
100
45
38
89
14
73
16
64
93
42
9
6
91
76
43
30
75
52
58
11
37
65
86
56
55
48
71
59
97
91
25
15
37
72
88
59
55
6
39
63
78
26
14
60
92
14
10
54
87
44
98
60
57
24
58
10
64
84
34
21
32
4
73
35
64
59
42
18
84
90
77
84
46
2
24
94
30
50
78
25
85
75
100
34
32
65
40
15
37
2
70
7
52
74
90
46
39
3
24
44
15
92
97
86
53
89
44
71
62
35
93
100
88
32
10
66
45
23
32
4
5
35
84
87
93
89
54
8
19
3
47
46
88
25
88
38
94
82
86
98
62
15
34
27
39
92
94
14
5
14
37
59
21
41
40
30
39
49
24
3
86
85
11
13
89
21
23
44
82
8
82
7
45
79
21
61
89
73
16
52
15
43
87
5
41
44
90
72
73
79
34
76
28
11
67
43
88
63
51
86
40
49
85
22
45
16
57
44
100
47
40
74
46
97
100
45
10
10
72
68
47
1
30
100
22
73
48
76
91
14
18
31
92
30
93
30
43
61
77
6
71
2
33
65
25
19
73
22
48
25
76
31
62
53
37
70
96
22
7
77
76
17
67
60
41
81
79
27
96
18
22
57
96
59
5
58
12
59
2
30
77
28
58
73
97
94
46
89
27
24
31
30
72
39
99
16
33
90
62
43
45
52
22
56
86
47
3
11
90
24
52
33
5
51
94
55
30
70
81
95
75
82
52
83
34
43
69
29
5
15
2
56
24
50
85
15
85
45
52
80
12
78
97
85
45
75
33
100
22
5
62
18
80
66
19
9
4
94
76
50
42
78
37
98
52
90
57
3
21
53
38
4
68
84
30
80
22
21
69
30
78
49
31
55
86
34
83
27
64
52
53
87
68
10
82
98
97
7
76
66
11
5
55
75
14
99
60
51
86
4
96
28
82
60
64
98
94
38
81
6
83
2
53
71
7
21
81
79
89
1
91
46
69
77
49
19
26
51
71
97
9
33
44
87
22
75
78
39
36
5
80
47
52
42
55
94
33
61
12
65
19
15
4
100
76
87
47
100
76
4
34
86
36
62
79
76
100
86
80
21
33
60
8
57
47
22
77
10
100
88
76
63
45
24
3
14
4
5
4
27
71
89
88
32
41
74
2
89
12
76
96
63
14
54
74
20
63
98
22
43
90
37
46
6
15
77
75
87
57
49
35
71
35
75
3
45
90
65
91
100
83
98
39
76
99
45
69
18
15
76
2
46
48
7
23
8
16
9
52
53
77
55
84
28
24
49
26
60
63
53
44
50
27
54
83
51
44
25
16
87
45
64
75
75
32
3
79
83
83
4
64
92
63
84
40
28
34
77
94
3
50
92
75
10
54
73
60
42
28
77
27
44
1
17
51
77
56
5
71
35
40
89
91
13
26
38
24
24
21
59
43
13
58
66
35
91
91
59
90
45
8
75
52
74
55
5
23
81
2
45
83
65
30
29
73
38
47
90
64
4
24
30
72
28
84
88
24
38
25
30
80
100
42
12
7
85
25
43
100
2
48
22
37
14
89
71
6
63
59
82
55
53
54
44
50
68
79
79
63
34
40
50
2
90
26
69
33
58
26
63
33
92
82
82
56
71
44
33
16
90
32
50
11
78
24
35
3
81
31
7
12
11
93
54
19
17
77
63
56
67
6
65
100
77
64
37
12
79
26
91
78
54
68
21
49
8
45
23
94
18
42
65
33
6
77
15
27
72
39
55
84
44
69
17
77
82
25
45
12
39
30
81
20
1
94
43
30
91
73
61
38
7
54
3
18
51
52
54
34
60
32
56
3
61
90
31
67
12
66
81
5
66
40
8
9
57
35
70
88
11
64
61
53
25
8
37
4
8
52
77
40
30
19
17
46
33
12
64
14
96
48
23
81
75
97
24
64
92
66
80
81
88
62
95
19
50
44
76
79
91
95
62
69
12
47
44
28
86
33
74
17
93
11
22
49
11
52
30
6
4
27
66
21
99
44
53
46
90
16
11
46
56
95
76
78
60
37
28
20
9
22
48
65
86
67
4
82
84
17
2
8
80
19
8
50
40
13
69
22
99
48
9
7
66
35
27
44
7
67
79
49
48
43
62
2
30
33
89
39
98
15
71
88
59
78
17
92
92
77
25
72
78
27
95
57
60
39
41
80
62
90
16
14
63
93
93
37
32
46
96
15
81
57
17
30
8
58
52
68
53
73
38
42
74
27
12
58
58
62
16
61
39
20
69
78
28
70
53
25
61
30
12
6
94
43
98
52
75
60
100
44
65
76
75
34
99
70
95
2
77
60
13
42
42
33
59
12
45
3
74
76
62
35
22
1
65
95
83
18
87
4
65
51
87
83
45
28
76
79
23
86
93
84
42
75
94
35
31
30
86
68
75
97
66
47
10
56
91
71
44
98
72
31
26
74
100
58
16
80
96
18
98
89
70
12
45
27
64
66
21
99
91
29
50
74
19
10
17
16
25
88
56
31
92
60
96
98
45
75
78
28
40
9
2
81
94
80
49
31
35
21
66
48
94
23
33
94
43
62
30
86
21
35
56
74
99
94
45
91
10
86
94
83
53
45
56
68
24
28
64
75
86
28
14
48
10
87
41
21
53
87
84
28
12
4
100
44
70
39
15
82
89
11
6
33
36
21
33
29
20
10
97
95
51
44
31
71
24
1
14
7
6
85
86
56
48
44
41
61
79
59
28
26
78
88
20
8
24
23
4
78
2
21
96
56
39
20
79
37
26
42
21
45
71
99
54
56
24
22
8
2
78
32
84
56
37
35
82
91
3
69
18
35
35
34
23
50
60
83
5
6
13
60
36
71
29
72
50
91
83
2
74
95
4
5
80
4
46
74
34
20
64
25
53
16
17
13
13
21
75
3
54
21
42
51
70
72
43
74
95
60
97
95
14
91
59
47
27
16
48
34
100
45
54
34
35
61
33
16
47
14
56
94
67
34
20
24
60
36
20
85
91
42
100
3
40
93
20
54
98
14
64
9
4
32
52
38
42
11
73
18
83
43
12
39
68
63
55
27
84
63
89
64
55
24
97
2
89
50
37
6
41
94
100
13
77
31
38
6
24
45
88
38
71
98
33
92
52
11
37
82
68
6
18
97
14
48
1
2
66
45
65
60
42
4
48
47
76
43
19
99
33
53
55
46
86
39
98
60
98
10
86
40
78
42
24
78
70
33
89
55
76
69
18
19
5
46
79
21
31
28
96
2
32
15
53
71
81
39
78
6
99
49
83
74
20
42
55
85
39
89
29
100
8
46
7
2
29
11
36
84
35
88
14
78
14
39
88
87
45
86
30
53
80
87
10
12
32
21
11
86
31
60
7
22
49
70
57
94
40
18
51
10
42
14
27
94
25
14
46
51
56
76
17
51
87
7
38
31
61
96
69
34
20
92
60
96
30
96
97
69
7
71
24
14
2
72
62
99
6
88
5
42
78
83
16
49
7
60
86
75
64
42
57
3
23
74
79
15
14
31
89
9
33
77
79
58
28
16
72
27
38
74
11
90
67
42
77
80
67
18
85
9
73
54
86
49
58
59
99
20
87
64
75
13
41
58
6
47
97
80
17
44
24
26
92
28
69
80
32
42
13
10
46
74
8
21
77
80
6
5
70
23
65
98
53
16
56
85
86
11
35
36
11
15
38
32
17
3
50
77
22
57
99
48
57
75
96
21
83
39
74
34
4
56
53
7
10
56
28
88
26
49
93
96
61
55
31
40
64
10
10
78
23
47
75
10
45
53
95
54
15
58
70
80
9
51
11
17
23
89
46
77
66
100
33
79
69
68
89
57
70
57
86
71
21
88
62
82
89
68
15
69
61
34
70
24
33
11
36
63
9
78
69
87
21
8
73
62
82
53
98
67
93
80
57
14
68
87
26
1
95
18
93
16
76
63
95
19
7
6
94
100
25
29
75
60
42
87
98
39
58
32
14
20
87
59
76
78
56
4
43
60
43
35
52
69
51
56
18
77
77
98
10
2
16
16
89
97
80
88
5
16
66
34
58
7
34
7
43
77
78
2
46
13
66
78
7
60
36
81
52
98
30
27
53
87
64
98
52
74
74
35
45
15
12
43
7
64
11
40
20
36
82
38
29
45
83
74
53
56
69
45
62
14
4
51
85
71
37
37
81
66
41
99
54
73
46
38
66
100
37
92
59
46
50
63
2
95
17
95
100
64
20
77
76
73
47
50
80
50
1
59
48
43
6
52
14
99
35
100
23
83
74
63
58
73
4
85
70
16
27
21
73
49
49
4
7
59
38
58
65
98
29
72
30
36
25
8
99
78
27
13
67
12
99
48
39
59
82
62
40
3
17
21
14
44
67
34
56
6
91
24
85
10
25
32
43
36
64
80
37
46
78
98
44
37
18
85
15
66
94
63
66
7
66
84
26
51
88
51
93
89
71
66
84
70
57
75
26
69
35
73
27
4
55
78
29
12
85
55
19
49
37
34
30
6
11
28
60
79
14
39
51
34
57
80
51
24
28
75
58
74
91
13
28
88
86
12
64
23
24
61
2
79
66
90
71
49
14
57
100
89
80
85
79
88
45
73
60
28
19
86
51
48
75
31
97
63
26
89
73
82
43
72
69
30
86
41
24
14
60
42
36
42
63
71
18
32
97
16
59
30
81
17
30
37
94
39
1
35
51
98
7
75
76
4
39
70
70
83
91
4
1
89
59
6
17
92
11
47
57
86
47
78
93
59
29
48
61
41
94
30
81
22
81
57
16
56
48
26
79
68
86
27
5
58
53
95
43
19
13
43
66
81
70
76
93
48
53
49
92
37
98
18
9
41
24
17
78
23
20
32
45
12
4
100
29
82
42
6
20
78
48
62
31
10
7
19
41
89
43
59
11
31
78
14
53
74
8
24
89
34
86
16
98
22
66
20
49
52
100
69
81
68
90
87
13
72
27
11
73
64
53
82
5
22
45
45
10
47
36
50
73
74
20
74
98
6
37
99
83
52
18
32
72
17
2
92
72
27
71
29
23
6
75
59
85
19
38
41
18
52
82
80
17
19
39
38
67
1
78
100
86
91
16
84
22
66
79
20
47
33
48
30
3
15
7
63
65
56
100
33
14
88
65
4
97
65
54
22
74
97
87
37
56
90
65
20
95
6
4
54
8
79
91
42
74
53
65
70
16
80
86
47
25
99
32
1
27
31
89
99
79
16
21
74
36
78
19
30
71
53
15
42
11
24
89
86
85
62
45
90
75
59
95
45
75
8
84
75
20
43
45
33
55
99
61
54
8
99
93
38
100
86
67
34
10
2
41
64
98
71
88
26
84
62
34
42
94
88
75
28
47
14
34
100
29
69
59
19
53
63
57
60
26
91
26
14
90
16
42
36
35
96
45
60
17
37
3
65
33
78
85
82
4
5
2
63
10
9
44
16
11
99
70
45
29
17
49
43
61
25
5
84
15
6
28
67
78
61
30
38
11
97
78
33
88
8
41
88
38
27
97
75
86
81
26
97
53
90
5
62
38
96
87
49
21
21
96
72
45
43
75
8
87
85
53
45
90
63
76
38
11
83
29
98
44
13
38
77
30
64
9
44
54
49
59
22
2
16
25
90
99
75
93
57
54
54
41
94
93
36
33
98
43
72
93
38
82
7
33
86
64
9
94
10
26
81
85
71
50
72
35
59
40
20
81
67
39
19
77
11
50
4
61
34
1
73
80
25
43
12
37
35
15
2
54
46
97
8
81
13
55
63
54
5
39
63
50
63
17
37
12
68
48
1
42
25
99
75
59
49
24
32
86
40
22
17
62
41
37
77
59
15
66
66
1
36
36
6
89
16
48
57
35
93
1
43
10
86
82
79
63
87
75
68
25
45
72
19
9
5
60
45
81
4
38
48
66
65
67
66
33
31
48
51
50
91
36
90
98
76
91
5
74
25
100
5
18
76
32
41
44
52
59
59
9
22
8
65
59
41
49
59
35
48
3
40
68
13
63
28
82
30
97
24
56
100
16
36
6
72
23
91
74
90
44
44
87
28
88
93
84
20
64
40
96
44
56
39
35
28
96
29
55
57
39
53
73
60
12
76
15
98
9
85
39
3
15
16
44
63
2
83
11
25
32
81
83
56
62
52
40
30
50
19
62
87
15
50
21
22
68
11
20
18
75
2
10
10
64
84
30
14
9
19
14
24
98
54
20
34
19
96
78
73
30
100
72
97
17
6
12
8
49
17
76
47
78
60
76
37
69
76
65
65
88
50
34
70
99
74
18
12
62
77
86
99
84
41
75
83
14
85
74
46
34
21
39
42
38
67
93
97
67
32
66
16
29
72
5
50
79
81
61
25
27
5
92
76
46
51
55
62
51
100
25
42
81
100
99
21
49
42
29
53
22
37
2
76
47
20
25
81
55
58
11
17
2
37
35
58
71
76
1
45
54
31
57
43
54
96
59
98
84
54
13
79
82
34
19
61
42
2
66
9
86
13
39
35
80
18
21
68
62
62
8
54
73
77
43
5
7
36
90
90
17
34
30
67
50
16
2
31
24
17
54
65
76
42
23
74
44
29
53
18
41
39
3
37
99
49
91
6
4
29
98
39
98
99
3
94
100
50
84
67
33
7
70
89
12
48
18
84
98
6
97
88
59
65
71
56
89
100
74
25
57
25
93
39
11
76
78
91
35
96
32
31
77
20
94
73
24
41
1
83
2
56
42
46
50
39
19
78
81
59
22
87
54
21
71
100
75
95
64
72
9
2
52
87
82
54
28
62
96
7
98
8
60
6
60
7
34
86
22
66
52
98
51
13
28
25
63
23
100
10
36
29
67
80
43
79
5
25
61
78
99
4
92
87
92
22
22
55
89
58
38
3
44
12
41
42
9
6
82
60
71
83
69
31
37
9
49
44
19
41
46
67
44
86
20
45
8
69
27
31
54
4
61
83
72
63
74
75
98
92
74
21
94
4
13
84
50
67
97
74
68
86
40
43
48
10
40
59
31
86
14
5
74
88
96
31
85
93
35
46
52
38
41
71
33
34
8
68
79
82
3
26
40
73
50
19
90
51
98
6
20
39
1
7
38
42
34
41
80
67
77
77
73
79
63
100
23
100
7
14
99
74
32
84
86
66
29
98
27
66
7
59
35
56
84
19
53
8
77
81
45
93
48
36
68
65
61
21
53
60
100
5
98
9
29
96
14
48
82
56
69
35
37
5
7
78
73
92
93
89
96
7
13
60
65
43
98
58
34
10
53
65
95
10
79
56
28
36
5
97
46
16
12
96
48
47
72
47
62
54
47
65
41
10
67
70
66
17
26
39
19
53
81
79
100
48
24
90
73
73
80
39
95
97
40
22
48
66
29
5
41
42
20
40
61
32
36
86
12
9
98
85
68
25
67
97
96
7
83
11
72
89
67
89
63
36
69
33
29
45
79
89
44
11
47
78
69
96
62
77
90
2
45
37
63
24
65
25
20
10
7
39
72
49
55
6
54
22
29
95
16
85
74
11
87
8
13
6
33
14
68
6
65
49
19
17
55
16
27
68
25
44
96
55
67
47
39
91
60
75
72
69
8
35
26
74
16
48
40
92
56
35
21
82
85
37
83
63
55
48
66
44
67
73
99
56
87
37
69
20
12
31
37
91
73
96
65
3
44
88
90
27
7
37
93
24
24
23
53
13
80
22
91
87
49
20
33
7
39
39
22
95
6
30
16
8
47
60
81
22
49
81
76
69
87
52
36
53
12
13
35
37
14
76
9
6
43
5
86
58
21
44
77
100
37
22
1
92
33
1
81
16
75
30
37
13
31
21
57
93
32
9
68
28
29
6
4
19
99
83
47
8
28
98
88
30
6
45
94
50
66
40
63
66
80
59
58
32
41
77
65
67
97
55
51
48
27
75
13
76
39
9
44
97
43
20
83
13
33
39
9
31
28
71
33
63
44
89
12
97
96
21
70
89
44
96
52
11
27
37
37
90
26
73
29
89
3
91
43
21
69
28
55
33
84
11
83
14
63
16
23
45
92
50
68
64
31
19
14
7
50
78
49
75
24
67
92
13
19
24
35
12
4
63
27
2
80
72
85
33
20
72
83
7
45
27
59
50
10
90
70
19
9
17
95
3
29
34
55
26
66
7
47
61
2
32
31
45
29
89
72
65
43
9
77
80
89
35
26
52
64
40
31
65
19
43
63
97
1
52
73
1
59
88
45
44
22
66
29
20
32
98
13
27
88
22
63
94
49
55
61
28
100
8
45
32
94
98
58
67
58
1
98
8
84
82
77
5
92
75
74
63
25
46
87
90
54
26
94
85
58
43
91
66
51
54
59
99
16
25
26
10
30
56
36
35
99
16
91
46
30
35
83
30
16
76
55
46
37
53
92
95
28
55
55
1
50
87
39
86
76
21
82
41
7
7
17
87
3
79
76
72
10
12
43
80
68
94
57
6
59
33
53
53
2
30
80
23
34
35
86
72
2
34
56
68
33
25
94
99
12
84
81
35
16
63
43
61
88
74
5
17
31
11
59
2
46
25
7
60
33
31
69
96
20
54
98
92
36
48
27
86
76
65
78
40
33
99
44
4
26
49
24
12
38
40
82
76
96
48
76
46
66
39
37
10
22
85
89
12
13
56
42
45
44
16
4
81
95
90
41
38
54
28
36
81
5
85
56
75
31
16
6
53
94
39
58
69
57
23
6
4
81
45
32
41
43
16
100
100
59
34
58
71
40
11
43
78
15
12
27
32
38
52
68
11
40
70
78
67
90
68
34
22
15
54
76
50
27
73
18
38
79
17
88
77
52
1
66
36
41
17
95
11
38
90
6
12
8
19
5
52
52
2
88
83
35
90
56
41
11
66
80
72
28
80
55
91
45
64
2
11
27
83
13
94
28
92
1
8
81
34
49
100
73
96
23
61
16
85
34
84
34
48
34
46
9
100
59
39
68
16
44
48
91
8
57
25
89
18
89
27
47
4
47
42
88
2
97
63
49
20
73
2
93
30
90
85
83
40
39
84
93
81
58
8
92
58
25
56
30
46
31
75
89
19
39
6
8
72
92
39
100
31
26
61
56
87
57
42
91
81
1
90
12
25
27
75
77
67
52
84
22
87
90
36
44
87
44
43
76
6
2
82
65
57
61
80
83
18
80
44
66
58
64
25
16
52
53
69
22
58
1
58
35
21
84
21
68
64
44
12
26
77
66
77
1
41
14
86
77
93
28
38
63
22
17
72
32
26
23
81
3
81
11
14
99
20
21
50
31
100
2
45
49
46
2
84
81
9
79
3
71
75
60
54
95
76
6
65
81
20
11
23
33
82
59
70
52
93
33
48
1
56
72
65
19
18
65
57
23
55
49
7
29
86
10
20
33
62
65
55
3
14
82
46
60
74
25
46
14
72
52
73
49
5
96
62
91
84
83
20
31
59
47
92
14
86
22
24
67
48
60
20
24
89
60
5
21
73
69
4
65
89
63
20
75
45
52
76
17
71
96
44
29
37
9
45
60
76
97
55
16
92
91
7
86
25
82
87
33
19
36
12
80
79
39
89
23
86
1
5
95
28
35
30
8
71
80
94
92
26
63
74
23
43
95
53
43
66
89
22
90
3
100
26
95
80
30
62
43
4
59
72
85
4
89
11
33
34
68
86
45
18
84
39
65
82
49
81
49
86
15
98
14
74
71
12
10
48
83
74
60
22
2
9
49
89
63
94
94
30
49
5
67
6
6
57
43
3
4
45
59
33
41
51
52
27
13
51
