200
2500
137
117
91
103
93
19
86
182
7
49
177
119
106
95
95
109
4
69
99
173
100
164
49
157
130
76
185
52
72
13
183
32
88
130
134
45
89
118
100
129
145
31
18
158
143
187
117
120
156
24
190
166
53
116
1
196
12
143
1
43
67
160
7
64
161
26
113
127
175
91
27
82
66
70
83
90
126
76
71
142
193
177
101
179
35
140
195
116
90
47
27
82
79
87
184
162
1
121
117
93
58
135
126
166
92
179
108
105
31
51
82
13
150
52
194
198
4
162
115
36
73
197
133
55
195
113
1
23
43
6
188
162
27
1
89
147
49
25
33
170
136
140
21
113
153
153
196
153
64
73
60
27
89
31
96
182
39
188
137
85
120
179
169
29
29
69
93
114
67
57
41
180
54
136
148
126
130
177
76
10
120
124
194
151
169
158
173
73
104
173
28
55
139
10
50
145
43
46
38
7
17
100
124
103
75
4
143
135
5
68
125
148
21
122
100
199
182
58
100
8
132
59
191
199
115
107
96
168
51
183
5
3
16
146
89
52
95
12
151
64
115
4
58
155
51
94
139
42
191
159
137
40
92
93
96
64
55
137
16
62
199
143
124
13
21
75
139
39
157
21
151
85
32
145
129
104
90
82
165
170
27
90
151
159
7
193
8
140
140
154
75
34
122
96
74
33
15
31
178
141
99
112
38
115
179
38
95
45
171
199
127
111
78
4
88
128
30
127
142
160
17
77
22
144
12
4
81
66
193
49
91
27
19
69
48
85
58
156
124
163
32
118
198
192
73
2
21
196
86
2
54
88
120
153
86
138
190
139
49
82
149
188
118
171
55
110
52
66
124
85
56
182
91
124
138
2
54
104
112
84
161
147
187
140
120
41
186
92
96
178
149
52
159
112
87
136
34
98
37
49
169
61
191
29
173
9
148
10
154
38
135
23
183
157
72
33
146
93
27
165
94
105
143
186
192
139
187
25
175
119
69
119
161
24
31
115
154
114
150
67
71
78
21
176
137
46
53
150
95
76
142
195
160
39
186
114
43
174
107
65
16
51
94
39
35
2
165
169
37
157
15
55
198
123
62
101
34
55
126
130
164
37
135
80
65
30
111
68
93
6
160
186
117
200
148
157
47
93
115
130
43
164
159
161
23
197
51
170
109
148
49
67
95
158
73
151
92
173
158
43
183
144
96
80
1
111
94
166
50
138
98
115
97
136
68
191
24
97
120
197
128
119
179
40
192
160
124
85
153
153
193
148
2
87
161
51
39
63
37
127
190
79
112
138
127
133
1
64
21
116
76
194
161
110
85
65
30
155
31
123
101
89
62
194
132
26
180
134
154
192
139
96
8
133
164
57
176
149
172
55
76
95
163
32
6
176
161
172
129
159
14
66
197
179
134
67
122
115
189
71
31
2
29
58
26
168
139
192
31
106
136
15
43
181
109
1
155
164
51
175
3
44
138
181
142
131
56
69
38
42
133
91
69
40
52
174
171
72
81
167
84
185
147
142
29
94
175
50
35
194
21
65
70
173
27
39
18
118
164
95
115
200
150
157
3
13
24
169
16
20
86
90
57
141
133
173
140
96
64
105
110
31
149
101
179
115
39
200
97
142
65
62
13
38
162
145
186
62
84
1
182
65
12
150
15
104
72
91
23
79
103
156
92
76
192
154
113
171
95
90
135
146
20
66
139
110
19
101
31
186
185
26
43
59
190
172
7
60
93
115
100
31
116
187
32
126
88
170
50
173
189
79
135
86
123
165
99
157
139
168
186
121
37
54
121
32
39
6
96
143
77
59
1
52
157
185
155
142
83
156
86
125
140
91
112
121
39
8
51
31
97
27
107
22
193
95
1
152
193
59
95
139
179
81
55
97
96
115
189
105
82
10
48
199
99
195
145
81
61
190
188
151
78
60
163
165
145
99
157
30
85
108
50
85
187
12
5
69
41
194
75
98
18
48
162
106
162
195
13
198
183
50
3
29
102
23
121
47
172
14
157
130
112
66
31
55
98
163
123
76
62
88
30
131
159
57
182
85
72
141
143
196
90
20
122
146
31
55
5
92
130
47
158
69
17
143
68
41
193
12
83
21
28
60
58
16
12
108
60
128
103
130
30
108
132
98
155
139
191
126
165
149
197
167
197
190
56
178
184
62
161
81
63
184
146
141
80
145
199
88
89
23
58
177
171
160
141
41
114
130
178
107
133
179
153
100
67
198
172
73
21
134
115
27
103
53
19
63
74
137
171
48
196
75
51
71
44
22
3
66
162
170
145
66
120
84
115
32
102
42
197
181
16
145
96
152
169
122
194
163
141
82
197
155
39
84
89
81
127
167
15
33
60
4
155
40
143
80
13
95
57
35
145
193
115
38
131
65
189
24
133
178
190
150
36
138
179
139
170
104
52
191
149
143
126
48
93
76
100
72
152
101
48
127
61
12
85
18
76
24
47
7
164
5
68
39
55
72
181
74
126
158
38
15
66
14
42
59
17
19
63
148
186
171
171
3
10
98
145
151
151
93
135
13
173
92
21
122
171
101
148
119
177
174
127
132
94
60
41
62
159
71
165
121
186
111
66
74
171
51
19
134
2
176
149
38
182
143
130
54
162
196
78
54
178
110
156
118
154
22
58
137
174
191
136
145
27
2
188
161
111
165
1
9
97
163
131
22
85
147
145
170
190
97
108
81
63
143
187
197
164
20
181
16
41
67
28
57
170
10
46
73
161
4
154
2
158
15
148
56
86
83
103
111
90
78
164
26
56
157
82
93
161
192
98
109
84
24
188
95
3
147
34
123
165
82
94
108
48
127
173
192
172
160
111
179
193
161
24
19
116
177
50
153
189
112
161
110
103
154
30
7
3
13
111
22
135
105
64
36
111
129
164
101
57
80
112
37
89
37
114
46
95
73
17
95
146
86
123
16
112
92
80
163
146
195
146
112
156
6
43
178
2
171
139
178
79
38
64
97
136
53
65
87
106
28
121
197
137
76
12
145
118
152
29
32
93
80
77
178
134
195
176
22
110
181
194
48
129
4
116
34
53
186
8
179
152
93
18
23
49
89
33
33
190
60
95
48
67
142
191
5
143
32
165
105
194
147
69
157
3
59
199
24
127
186
149
48
176
154
58
174
137
18
178
104
78
141
97
141
21
71
113
15
181
88
143
149
45
4
120
146
199
109
102
13
141
200
110
14
83
192
196
99
73
39
2
140
60
36
24
186
120
143
16
170
62
9
157
61
101
185
43
73
189
154
108
6
1
116
67
199
18
169
80
28
140
26
65
21
154
132
106
52
16
102
190
104
102
55
55
60
129
38
8
171
182
168
180
129
105
75
17
148
169
151
32
103
161
36
71
33
15
88
74
76
132
32
162
185
7
80
171
65
36
9
162
136
176
27
117
50
138
169
133
46
158
109
171
16
48
181
119
18
191
47
161
162
60
17
128
89
44
196
191
55
182
190
195
116
152
132
155
24
71
70
83
169
96
114
120
163
153
180
67
134
2
154
38
167
74
189
63
167
137
152
174
113
112
118
116
53
150
43
171
160
98
170
122
173
116
104
166
94
84
97
31
1
149
56
44
163
38
119
64
118
110
99
52
12
31
124
2
200
28
141
4
151
15
163
95
69
158
43
135
185
46
90
163
1
112
140
124
24
68
180
182
119
148
30
115
145
144
137
80
19
39
134
67
177
163
102
144
20
69
3
198
114
123
152
173
101
8
121
124
58
6
169
125
91
129
186
184
2
108
104
51
167
50
53
59
42
93
159
182
17
112
83
3
115
156
141
78
74
135
57
155
182
5
48
53
188
62
94
185
40
4
43
12
199
157
89
184
43
167
29
159
186
46
152
30
75
198
121
168
154
94
67
26
126
193
19
79
64
192
141
63
171
178
52
66
154
156
122
108
173
43
154
193
97
106
185
56
125
163
194
92
29
166
151
9
171
71
31
84
194
193
15
23
14
123
82
34
165
75
156
121
46
100
147
150
105
70
190
11
104
9
125
161
49
189
37
184
2
129
198
112
183
155
86
54
191
24
175
12
186
134
59
144
154
58
134
52
77
66
89
140
137
104
93
31
169
72
3
137
95
49
158
109
133
200
147
119
198
8
67
18
130
171
190
123
169
198
33
154
100
4
40
156
200
86
87
42
189
183
135
74
164
76
45
25
36
189
97
107
62
23
173
90
59
119
70
109
37
30
179
160
110
34
200
129
112
69
34
182
130
136
30
153
32
16
80
81
34
113
118
160
66
101
69
150
30
58
102
125
1
136
82
175
73
60
92
99
130
135
174
158
190
101
21
192
39
28
124
61
52
167
126
183
73
157
134
99
64
125
17
126
88
93
57
24
59
179
26
52
68
165
135
101
78
199
29
140
179
182
126
196
100
9
12
100
90
99
82
179
22
144
48
104
175
50
96
91
48
86
41
113
155
106
58
65
159
161
99
128
116
100
114
66
126
109
35
99
28
88
165
34
191
145
12
152
27
161
32
99
27
61
86
200
136
82
89
149
176
169
167
48
115
158
7
53
142
167
82
93
161
33
123
178
20
67
41
58
8
155
151
199
20
194
141
156
176
141
50
183
61
100
48
29
127
168
165
82
188
65
57
50
182
132
195
40
154
13
177
36
83
141
90
180
173
64
149
17
112
195
137
43
116
72
120
19
119
85
193
176
47
83
144
130
22
53
40
194
9
150
164
1
104
7
174
38
161
41
104
20
24
117
196
53
163
99
109
169
23
59
82
171
93
129
195
150
108
27
76
68
17
132
89
62
134
99
199
196
10
60
181
70
139
78
44
154
77
78
54
102
115
111
98
69
28
90
173
94
198
112
119
6
35
195
118
68
152
81
78
145
67
177
119
8
118
132
12
57
88
186
193
85
81
8
47
102
16
79
36
148
3
17
144
184
131
116
157
69
78
108
42
151
83
39
159
95
69
140
124
126
51
88
184
85
179
7
200
111
192
174
103
119
3
52
182
138
142
116
7
155
139
14
45
51
85
184
31
166
180
177
159
1
152
178
15
148
151
138
167
133
9
94
116
5
83
36
53
146
104
143
25
31
92
135
132
33
143
73
101
67
10
199
175
16
51
18
71
92
167
14
59
147
184
179
78
96
190
79
83
67
141
175
178
196
145
13
38
95
27
90
83
174
43
161
104
167
142
64
5
25
85
124
79
164
192
140
187
191
42
192
62
110
99
70
53
149
110
21
156
175
114
88
97
124
28
24
161
7
64
136
70
37
14
29
153
22
145
35
177
111
101
110
180
115
6
127
187
194
3
185
29
189
144
117
64
42
152
97
101
104
87
23
180
114
61
110
104
77
37
57
195
200
169
152
54
78
100
35
32
65
132
117
170
110
23
49
24
71
167
108
155
64
23
18
166
96
85
148
87
178
197
41
9
130
117
196
65
55
101
70
136
91
129
75
139
89
40
171
182
37
95
199
12
134
142
52
180
180
87
115
69
71
41
57
25
73
38
154
189
98
25
17
87
5
122
53
4
197
85
119
32
172
36
51
43
171
35
170
41
190
43
55
33
38
55
21
50
67
30
56
198
114
196
81
40
191
192
22
82
90
157
79
42
48
51
48
193
17
62
38
166
111
160
12
77
109
64
153
21
138
122
5
115
173
61
165
21
36
132
98
17
30
24
175
153
