200
4500
153
129
158
96
59
173
72
82
84
26
41
55
192
118
47
162
113
145
70
124
93
125
127
90
77
174
68
183
190
118
20
72
65
97
16
73
88
198
177
48
118
52
8
172
123
11
49
22
170
109
18
141
172
66
94
148
161
100
197
92
2
71
90
67
24
44
80
163
130
12
31
67
11
43
79
98
49
94
132
56
7
62
137
69
195
100
68
65
141
23
134
187
19
12
58
79
155
154
122
8
147
154
15
150
106
72
151
36
35
196
38
23
197
30
25
198
5
192
120
178
141
62
197
190
64
98
12
116
116
132
143
120
194
172
134
91
175
33
52
33
147
129
21
26
125
76
197
104
193
7
74
42
97
21
71
114
148
199
113
82
78
186
150
48
57
24
59
139
19
56
68
194
44
95
17
62
10
174
53
1
67
11
2
39
52
195
62
142
172
16
39
66
14
192
138
92
83
117
14
101
1
49
118
58
97
1
31
51
135
68
178
138
111
80
188
133
113
27
10
33
120
182
146
124
77
39
50
199
53
108
155
83
59
125
197
51
179
177
145
115
31
173
83
151
164
107
98
176
75
97
112
178
99
61
75
37
98
30
96
187
136
101
192
1
58
90
173
191
94
35
194
37
53
114
164
64
177
154
97
136
42
199
130
26
137
47
7
82
103
1
101
150
194
22
192
132
68
153
114
162
165
192
156
97
53
79
68
166
69
144
146
24
199
150
134
35
105
38
182
23
26
182
76
184
187
78
2
103
34
30
141
76
7
111
175
3
128
125
51
135
166
20
184
156
75
76
74
76
175
82
17
22
25
83
81
87
101
6
142
120
80
198
45
107
123
91
105
197
193
95
163
85
94
67
78
85
61
184
30
69
3
164
34
162
94
169
106
112
86
126
23
133
136
26
141
6
67
197
125
43
6
170
125
62
137
97
10
144
125
101
169
91
42
156
31
125
38
195
15
192
27
59
62
72
15
23
27
63
135
163
77
198
132
15
55
139
137
104
103
145
32
68
79
70
111
82
136
50
176
159
105
105
94
17
72
45
125
38
171
73
3
109
7
140
94
63
156
54
200
196
46
15
121
89
80
74
75
79
2
175
185
87
153
69
104
28
4
15
81
151
198
179
24
126
116
184
182
129
52
3
176
31
128
160
56
116
149
188
73
38
184
22
94
85
10
6
62
199
96
150
64
54
182
59
185
96
57
84
30
65
22
3
82
71
48
32
47
65
159
140
63
59
190
10
84
175
75
146
171
126
175
14
9
94
50
18
192
197
10
17
137
3
166
42
139
54
158
49
137
194
7
170
101
123
164
25
181
185
136
16
82
38
126
30
197
170
35
81
46
68
158
172
49
23
31
95
130
175
92
52
34
31
36
40
79
20
67
63
16
196
8
119
101
127
28
180
64
126
158
32
167
78
168
152
76
140
67
87
135
58
147
48
49
131
42
188
54
23
11
178
175
140
155
86
150
182
38
140
69
134
112
46
13
59
77
40
143
87
10
25
54
132
175
64
49
153
140
75
86
104
183
90
129
16
112
180
145
146
31
65
51
2
2
13
177
23
56
36
17
189
62
125
86
15
112
105
26
33
54
75
53
136
183
71
56
192
3
181
179
53
80
195
71
22
100
26
189
64
113
15
116
142
70
60
40
83
23
124
88
29
136
20
169
141
105
156
1
37
87
140
181
12
75
136
196
20
132
98
171
160
15
14
58
115
143
18
164
21
170
103
20
59
173
10
130
137
51
142
101
178
163
38
35
199
182
82
128
143
84
148
70
32
196
45
100
26
179
90
103
198
64
182
117
194
91
60
124
136
138
98
56
134
36
6
179
36
109
28
156
162
40
182
32
6
179
153
197
110
41
68
145
18
90
198
139
9
8
73
129
47
130
99
90
170
16
114
26
174
13
51
70
13
118
17
106
51
142
77
1
137
131
15
42
56
33
104
159
121
80
75
62
82
100
6
175
183
151
21
189
29
39
177
65
121
138
79
162
17
76
56
200
48
63
152
188
141
11
158
121
165
107
21
98
142
151
132
190
114
166
50
33
34
167
200
39
47
188
175
11
96
79
32
5
39
13
100
197
129
143
155
48
147
9
107
109
162
55
52
23
79
132
13
119
178
50
112
43
98
108
167
104
197
130
169
193
123
11
117
156
46
57
75
107
188
55
171
198
125
179
4
146
179
9
86
100
63
64
196
86
161
6
71
170
188
97
146
73
104
114
163
138
140
200
165
26
27
30
177
62
111
70
2
109
176
19
57
184
19
195
199
154
163
62
164
42
38
77
146
6
63
56
153
158
106
189
149
148
24
7
100
128
26
19
60
30
192
182
187
54
194
157
29
98
112
46
44
192
125
82
195
128
92
51
7
53
3
68
79
163
57
27
166
151
183
37
65
162
17
38
46
15
99
18
48
152
81
47
70
22
123
141
55
88
98
160
2
137
80
116
192
32
143
177
109
192
176
169
97
78
193
69
190
6
145
25
19
48
53
4
117
182
90
93
77
120
93
159
24
117
83
198
191
27
68
74
15
155
34
167
128
7
74
81
182
147
135
163
115
18
56
8
100
12
147
46
170
77
37
141
51
117
79
111
52
175
83
174
7
152
48
135
75
80
165
9
102
193
185
13
71
105
158
9
199
55
189
128
126
64
67
159
34
43
33
63
152
51
57
19
22
154
12
86
114
191
91
92
200
15
107
50
144
186
35
122
125
120
30
131
189
166
54
8
149
181
186
70
57
14
32
52
29
67
125
87
73
2
176
120
114
86
110
129
133
139
30
181
39
58
28
145
4
100
39
92
11
29
36
97
198
146
94
15
61
145
191
143
178
30
122
140
128
1
36
94
91
153
97
22
169
29
132
49
98
52
119
123
141
117
8
134
124
106
119
184
73
5
37
171
42
28
153
18
16
60
95
45
38
110
86
183
43
49
145
151
174
8
62
129
190
133
157
200
106
64
17
165
75
3
43
122
86
156
57
37
160
58
111
146
116
189
3
109
62
57
20
82
118
17
193
74
48
194
91
169
96
162
161
148
89
180
83
29
45
74
188
108
97
15
176
69
161
46
66
158
149
87
172
35
183
6
26
127
197
172
20
16
79
149
50
160
200
182
16
157
196
18
105
59
122
77
101
190
140
7
103
89
175
135
34
141
161
61
124
156
137
51
27
44
105
37
181
16
8
46
8
65
27
23
113
100
98
197
145
90
103
150
68
6
115
108
48
105
68
163
36
49
45
137
100
15
178
67
154
51
177
146
70
95
62
86
155
12
33
6
148
111
39
97
171
95
49
61
194
137
29
84
53
100
181
116
166
98
21
63
192
123
165
179
55
74
139
30
24
13
116
34
136
33
93
130
78
81
154
137
17
109
165
153
5
49
98
168
131
66
117
41
50
30
126
102
178
156
72
1
190
22
196
72
125
26
167
70
11
99
19
88
184
139
12
41
124
55
87
40
198
197
52
85
176
10
60
48
157
138
95
144
122
154
189
170
117
140
15
139
94
129
36
170
179
63
28
92
103
41
68
44
163
106
142
88
128
55
67
193
31
38
98
33
5
125
198
123
170
178
160
182
139
7
183
74
121
40
113
62
8
17
83
136
177
185
42
19
61
165
20
36
101
38
41
164
125
126
133
95
53
133
52
136
110
6
136
164
75
107
127
19
110
90
136
130
28
32
200
100
160
168
171
166
42
160
152
96
16
129
163
26
44
120
179
154
96
145
24
120
87
75
56
146
111
80
8
101
191
154
55
189
147
131
13
72
56
23
51
175
149
185
132
85
78
54
28
52
59
50
133
89
35
93
162
31
187
179
4
23
68
184
35
130
111
199
120
45
145
100
104
190
31
138
163
181
119
125
198
112
81
92
172
152
20
114
193
151
169
64
137
83
72
190
82
196
17
44
83
100
141
132
109
78
137
127
87
188
179
147
194
114
77
52
29
85
133
191
76
30
156
198
30
191
129
71
54
52
126
179
42
117
166
23
61
23
46
10
122
177
197
81
99
81
168
123
20
45
67
91
95
89
30
133
174
190
120
129
190
92
157
40
134
5
69
131
36
47
43
156
8
25
42
85
29
193
172
115
65
55
195
40
11
197
69
153
47
48
124
140
164
43
133
28
25
32
110
85
35
4
131
4
85
188
146
197
31
70
31
23
24
58
47
94
116
125
133
90
200
58
143
146
65
20
127
150
43
183
120
11
90
160
66
79
200
41
31
169
45
124
69
101
72
153
162
185
118
19
12
130
144
73
68
42
108
119
72
76
186
2
154
27
46
106
26
124
108
100
172
173
135
22
126
189
154
136
7
189
45
92
125
150
122
16
143
144
168
168
170
119
44
35
28
128
13
157
164
58
46
191
122
25
150
99
91
78
59
112
111
5
42
79
6
78
18
168
56
120
88
22
102
80
18
125
144
69
47
3
182
1
27
30
94
58
43
198
70
169
174
131
42
132
100
132
139
139
78
173
62
177
106
123
81
114
28
75
8
84
197
135
5
118
60
195
13
42
1
42
37
191
74
144
159
197
127
62
190
194
1
159
93
83
121
19
7
196
170
101
171
42
31
113
101
197
189
21
18
132
119
27
44
156
139
62
110
145
64
66
137
139
44
101
71
181
74
156
200
32
110
164
126
176
20
156
80
54
175
4
64
19
125
78
97
169
77
155
142
81
127
169
83
166
112
78
84
143
80
160
56
163
88
37
146
47
11
20
134
185
182
8
61
90
6
48
35
35
57
98
145
54
178
193
181
91
19
195
178
37
187
117
135
193
30
183
76
194
191
66
116
139
155
46
99
119
82
3
180
3
20
25
96
128
193
187
172
99
36
110
154
57
2
117
41
196
20
126
41
142
130
186
112
148
58
181
48
177
25
70
95
161
82
97
194
85
103
81
71
56
164
69
90
160
33
43
64
157
198
73
76
89
45
112
94
170
58
15
123
148
149
145
78
200
107
26
154
145
20
121
185
40
180
32
162
47
83
5
174
20
114
190
88
142
86
17
165
73
91
119
23
18
182
188
28
168
66
60
80
122
115
138
185
79
31
144
106
146
58
36
166
49
139
90
100
196
96
89
4
140
29
132
106
182
60
154
127
152
113
19
78
150
58
140
29
50
80
157
117
174
118
132
146
117
28
87
187
18
50
52
69
44
97
197
136
30
135
130
137
170
141
197
93
185
133
132
193
61
35
8
51
26
41
117
31
10
55
14
155
196
88
11
53
127
98
74
151
53
22
132
124
157
166
159
32
149
21
194
15
55
25
61
48
120
185
80
62
87
123
94
119
154
79
180
33
81
56
88
98
168
43
45
170
159
61
35
178
26
37
57
149
78
191
145
120
104
5
139
143
117
16
174
182
168
24
83
59
182
160
161
166
60
100
27
37
6
40
168
42
159
196
75
87
85
100
163
34
141
143
181
141
175
132
154
133
113
41
135
61
78
144
83
171
140
162
41
196
66
161
80
47
81
11
162
150
41
60
45
62
185
2
20
90
43
29
14
12
79
29
17
67
107
70
182
8
83
9
48
58
84
84
58
174
62
191
63
144
6
61
119
74
191
115
79
152
85
192
133
54
39
155
13
7
157
15
65
153
130
42
179
199
86
166
14
145
24
169
73
111
72
98
41
31
156
116
67
4
58
114
27
144
169
159
31
113
77
57
40
17
62
79
113
63
66
199
25
190
103
75
69
168
49
139
102
10
4
55
46
94
121
137
92
76
66
8
199
162
195
178
43
176
73
195
154
38
160
38
120
100
9
143
194
89
30
171
45
149
169
30
146
80
182
158
152
93
175
26
100
56
140
4
129
146
159
9
82
45
4
152
99
11
140
79
131
200
1
157
24
157
126
197
60
20
116
154
50
138
151
101
173
126
134
130
66
27
177
73
39
16
126
158
105
149
51
26
184
94
113
49
21
110
181
9
156
148
4
25
106
167
183
142
67
175
88
54
116
114
157
31
3
67
95
135
6
84
4
190
73
166
29
23
186
63
181
181
167
93
119
181
82
62
169
62
199
110
180
13
110
22
179
175
22
128
74
190
172
70
182
70
107
54
31
112
109
134
106
74
104
17
141
126
125
127
190
55
50
47
49
94
91
105
35
127
182
10
194
187
154
164
111
177
70
166
7
107
115
152
112
30
72
97
103
79
42
66
92
120
141
22
185
39
119
128
6
47
88
119
187
136
123
66
147
66
98
12
47
66
98
70
102
127
50
42
87
125
82
160
99
154
118
26
188
135
140
78
146
147
97
67
184
165
146
98
21
154
65
152
28
117
76
82
186
18
113
33
38
186
187
79
46
29
86
152
143
196
74
129
189
174
59
134
154
123
28
87
96
197
52
168
96
198
53
67
8
12
7
200
174
174
45
176
54
106
92
5
29
66
118
8
185
184
65
2
5
98
55
138
156
80
64
88
21
53
172
183
189
135
165
99
99
143
186
3
88
54
188
27
197
16
54
155
99
166
190
117
192
182
130
62
184
11
87
2
124
69
136
112
106
28
128
198
71
117
41
156
115
111
101
195
166
33
93
189
183
50
140
180
17
55
83
198
78
64
11
191
1
62
127
188
114
134
41
59
163
164
25
191
137
125
196
76
167
62
120
174
131
43
200
168
118
116
56
89
168
63
175
62
119
155
165
49
117
136
174
136
22
104
99
77
41
12
146
78
189
20
199
71
194
183
7
123
75
182
132
4
31
17
67
151
154
15
108
182
200
22
112
194
155
193
39
124
191
16
137
30
80
133
107
191
121
15
59
116
137
112
104
5
25
22
133
195
51
78
24
174
49
122
61
186
33
20
65
189
129
106
141
96
57
49
58
16
13
32
76
163
54
159
19
198
159
52
76
83
147
188
71
63
139
109
18
132
84
161
156
163
76
134
188
36
3
38
153
3
20
177
147
133
78
21
165
102
86
200
135
169
177
60
135
42
120
98
83
65
165
49
12
51
120
51
65
179
195
77
19
178
138
10
168
175
120
122
33
44
39
200
90
63
196
23
132
97
157
20
52
78
51
104
195
65
81
190
140
73
73
76
25
71
137
21
102
96
14
3
46
57
156
66
111
144
6
157
135
43
42
105
6
78
104
172
100
88
176
49
190
149
22
56
134
157
198
153
174
62
59
50
26
34
156
191
185
104
158
88
104
15
176
33
185
135
172
20
145
61
13
199
47
145
81
34
145
104
152
16
133
168
87
127
43
3
169
80
158
19
9
90
35
44
132
92
58
169
95
53
163
129
133
38
90
154
147
146
141
183
84
172
115
195
102
80
125
187
95
108
70
187
176
153
75
86
135
90
113
50
70
56
183
154
107
73
114
103
141
175
115
47
14
183
164
183
164
69
176
196
115
40
147
155
79
197
114
127
170
15
145
21
163
180
81
163
178
104
105
95
46
30
77
79
168
106
121
15
67
173
139
159
28
200
37
199
94
147
98
143
56
136
150
55
64
125
97
102
157
170
72
90
176
165
180
7
159
8
22
49
160
169
81
88
184
161
110
14
17
78
173
105
164
34
76
138
125
131
157
85
163
198
63
54
129
37
149
52
108
174
65
47
112
165
194
43
15
76
107
95
3
18
74
133
118
93
125
144
14
48
82
132
137
53
141
112
196
182
40
158
187
68
52
160
94
180
162
193
149
174
159
142
96
17
15
53
29
139
1
65
40
37
125
48
103
185
162
103
11
188
38
41
38
169
129
140
27
150
95
35
166
69
6
14
27
182
91
86
56
160
129
135
29
51
10
176
76
131
33
94
188
109
199
15
136
178
47
124
173
159
100
61
99
129
9
65
187
54
3
79
100
185
4
176
56
61
34
158
138
185
192
158
136
178
98
15
42
197
179
194
106
125
156
118
174
10
155
91
33
178
172
144
169
59
164
177
14
192
36
71
11
190
9
24
95
52
174
146
114
55
94
62
26
112
56
101
50
44
160
18
50
162
128
166
54
118
117
168
54
83
42
61
43
191
77
79
126
57
176
186
171
115
196
50
90
13
3
95
5
139
43
167
11
77
78
63
132
44
196
96
58
35
43
16
141
141
68
39
101
20
170
110
48
31
64
18
97
108
63
33
24
38
8
54
199
102
3
181
200
67
115
53
2
160
111
162
14
39
129
105
93
163
39
176
29
173
150
175
195
158
161
60
107
135
2
105
100
82
38
121
174
163
118
68
97
168
2
177
71
116
16
123
115
173
56
144
193
195
54
120
118
52
22
175
57
35
199
157
128
124
167
160
41
112
151
156
18
157
130
175
138
159
120
67
135
195
54
21
103
79
45
50
194
141
151
28
5
101
63
113
75
9
131
116
2
48
125
170
138
136
15
157
132
28
32
171
80
114
119
106
197
134
127
200
49
137
112
15
184
95
15
171
170
68
85
119
98
2
98
176
37
60
79
153
24
8
119
184
41
20
133
179
74
41
3
7
112
5
31
146
104
129
118
80
42
180
8
17
136
179
86
175
23
175
75
165
116
198
181
93
191
182
7
69
139
93
101
69
34
111
173
100
43
64
125
200
192
27
171
189
148
123
50
158
50
140
98
192
82
115
172
175
42
196
150
185
22
16
67
145
104
93
34
98
134
77
89
54
185
31
147
157
8
67
39
121
58
43
71
12
16
25
1
60
28
161
1
109
49
57
122
7
31
196
127
126
57
55
39
62
180
125
88
128
11
50
34
139
45
182
92
126
26
128
44
36
116
195
40
72
117
16
70
157
75
41
4
125
26
13
45
140
36
138
179
25
181
48
17
181
172
186
29
99
97
165
170
147
176
51
58
142
6
103
200
148
143
85
181
83
50
142
74
169
139
139
85
144
63
125
166
170
157
87
130
125
51
126
52
126
28
182
144
17
54
148
7
33
85
10
92
97
169
68
96
46
120
198
178
28
196
30
109
127
34
12
65
173
131
86
111
52
165
18
98
130
192
10
157
70
44
5
38
24
50
32
176
130
180
31
95
196
50
101
138
62
45
103
85
14
50
105
179
140
115
98
152
71
150
94
50
184
122
191
176
128
25
42
127
68
167
190
194
10
57
6
23
90
108
199
58
4
149
117
171
195
131
82
170
20
151
30
63
194
116
163
75
142
155
147
83
104
20
193
27
189
77
171
75
121
31
109
194
90
157
80
143
77
174
126
21
36
35
10
180
39
173
102
156
116
80
84
30
60
184
131
26
9
185
110
94
63
198
57
88
109
155
188
130
33
175
123
128
7
136
87
159
14
87
83
55
169
112
135
38
46
142
101
107
134
35
10
119
144
63
50
192
136
35
128
73
104
40
189
5
49
42
161
173
136
200
63
2
36
179
121
177
144
133
166
120
48
85
66
76
193
98
80
112
19
106
126
94
57
82
114
82
196
135
16
168
98
20
89
94
87
153
56
138
131
20
39
58
65
163
120
46
159
135
150
1
197
182
93
134
104
43
35
28
39
154
175
8
190
68
45
154
131
165
46
169
76
121
182
95
84
50
171
25
90
12
178
57
121
34
58
100
37
87
179
187
76
30
86
63
150
170
63
29
61
165
71
65
83
59
178
37
19
122
59
114
54
163
149
165
21
153
82
52
150
24
149
22
78
72
100
87
142
142
99
127
122
80
52
10
1
188
37
116
136
27
138
184
167
154
149
185
102
89
167
82
18
142
156
124
120
49
152
21
60
69
185
14
135
6
136
52
77
33
79
88
36
157
84
136
193
143
61
187
148
113
91
98
183
119
95
57
105
120
113
102
20
77
35
160
88
126
42
45
52
84
104
12
172
144
178
156
15
89
12
91
72
69
97
136
199
57
77
29
42
25
113
169
131
29
43
34
75
34
68
54
3
200
44
171
197
174
163
115
125
129
35
45
83
199
47
82
191
178
37
198
192
90
45
36
4
176
186
18
177
19
200
72
93
129
137
58
33
79
58
133
183
152
83
55
61
43
108
96
69
104
128
37
23
56
160
20
151
107
109
197
198
37
17
53
55
102
97
188
8
118
183
45
128
192
138
19
1
138
144
110
7
11
156
184
54
71
177
100
150
142
116
98
164
113
33
129
35
195
103
149
9
127
174
58
1
68
31
122
61
196
179
198
147
7
155
178
129
192
47
41
23
164
96
96
13
171
190
121
94
15
74
21
30
121
120
64
78
106
155
24
3
70
151
14
186
151
5
116
141
61
99
162
162
181
34
123
57
198
82
96
66
41
72
