200
4500
72
124
187
18
147
195
194
109
128
146
109
194
56
148
41
58
200
50
8
192
11
130
115
20
176
12
92
79
103
103
183
61
113
125
2
133
114
95
189
57
155
86
59
103
48
161
130
89
169
42
72
66
82
134
197
91
74
16
37
106
139
173
88
33
193
88
106
79
175
7
38
173
132
95
57
120
193
144
15
183
172
172
175
78
116
64
71
8
85
156
38
31
53
32
50
188
90
92
132
174
175
188
94
94
82
64
137
100
99
94
46
28
88
136
29
48
167
160
72
162
13
139
186
144
58
189
29
161
61
139
79
145
54
154
133
163
101
161
191
166
102
125
40
141
22
141
183
61
111
96
37
195
19
48
68
145
193
28
108
11
78
105
46
133
157
84
39
199
110
113
62
42
16
83
31
75
3
13
124
1
172
134
63
67
156
147
130
152
122
194
172
118
3
146
126
50
98
59
177
83
148
76
197
126
40
20
157
89
7
163
71
120
123
66
90
74
170
34
110
91
76
69
51
62
93
51
159
49
199
38
97
53
141
175
31
118
37
40
44
87
21
87
50
134
112
25
175
163
162
123
1
147
52
126
141
81
152
103
85
200
161
89
8
32
34
42
78
120
54
82
30
105
107
21
43
1
139
167
56
163
19
65
5
47
18
78
33
36
56
151
23
156
10
145
52
112
8
94
196
120
182
94
138
18
45
87
110
33
76
30
81
95
23
83
156
128
150
11
84
20
111
20
51
112
89
162
56
191
197
88
155
100
196
15
58
145
85
180
132
108
24
60
150
20
9
1
129
136
55
33
153
72
76
147
45
52
7
190
119
196
110
189
35
105
37
51
160
110
23
56
97
158
62
87
43
39
94
32
93
168
146
23
36
11
141
11
169
48
114
148
74
72
53
82
43
194
98
143
10
46
158
24
33
21
169
15
88
101
170
144
39
183
51
38
36
35
43
19
185
140
174
60
44
165
36
136
51
157
104
107
76
30
48
8
40
137
170
102
81
16
162
184
52
135
74
115
184
180
128
97
190
160
131
115
115
10
28
73
185
90
158
65
156
31
83
2
194
140
181
174
118
181
94
107
24
58
98
95
156
141
180
15
76
14
92
157
134
56
104
133
51
200
41
196
159
86
199
190
106
119
82
51
190
15
163
46
159
94
47
183
197
62
125
149
106
107
86
188
185
158
62
48
24
52
95
21
115
96
194
87
132
18
60
45
96
186
5
143
84
185
37
126
102
110
86
160
129
107
45
82
45
8
170
33
135
73
170
77
159
43
85
3
19
18
43
92
27
6
22
82
67
46
152
162
71
8
148
7
75
18
76
47
116
177
111
16
134
125
172
75
134
78
152
200
161
17
193
73
4
108
107
39
134
21
8
161
184
94
145
29
70
83
17
174
56
81
23
120
80
176
102
134
42
50
57
153
26
129
178
152
135
186
49
152
8
150
179
63
122
165
154
165
18
110
132
92
54
90
76
140
126
68
24
48
95
179
48
139
186
142
54
186
144
185
29
9
144
7
90
11
175
16
123
177
10
180
23
185
58
187
122
82
47
3
98
194
27
30
110
26
13
138
74
194
16
84
25
23
155
13
68
111
81
77
54
73
130
23
17
110
83
107
99
133
54
170
145
75
95
20
155
198
27
41
13
82
109
9
73
146
187
28
4
29
66
27
106
155
93
90
16
154
142
176
197
147
160
67
20
162
130
85
182
150
187
157
2
177
33
172
53
167
36
43
101
51
136
63
108
9
6
156
74
14
43
79
187
171
62
38
149
147
168
44
161
44
86
106
131
16
196
105
184
144
56
142
62
191
108
167
107
173
77
46
193
14
64
59
127
35
84
104
148
76
191
1
142
130
27
156
42
120
164
111
163
44
174
127
177
97
24
78
181
53
170
115
46
184
13
83
179
136
198
106
59
100
132
154
38
12
102
32
34
166
192
35
106
168
57
133
83
44
42
97
125
90
22
111
191
112
68
37
147
113
183
190
156
38
51
104
178
112
87
58
148
115
74
164
155
143
113
155
112
83
121
152
47
84
122
142
128
95
179
85
54
80
73
79
83
184
90
159
90
67
167
162
67
75
142
62
129
65
175
151
32
100
138
4
35
79
29
29
154
12
177
75
113
178
166
175
60
149
130
139
65
148
74
117
177
88
195
79
30
59
106
84
101
169
138
138
156
170
147
151
175
68
39
181
97
154
84
4
194
101
51
107
133
133
176
86
102
154
93
22
171
30
47
93
12
199
95
15
103
132
114
106
73
75
161
149
169
197
151
88
199
39
113
184
42
95
22
28
32
74
17
92
72
157
74
72
101
172
69
68
136
10
113
149
197
128
182
103
58
152
178
118
59
80
34
96
17
171
108
84
32
61
45
87
87
115
170
56
65
91
50
84
49
113
106
170
3
111
185
98
101
134
149
78
47
134
26
61
69
41
81
43
29
75
39
109
87
91
103
94
27
175
15
33
82
194
116
33
164
79
93
104
13
100
123
59
59
129
72
125
95
158
52
99
88
49
4
72
73
33
26
4
64
114
38
118
52
170
62
160
35
191
54
44
41
46
18
134
149
96
198
109
123
170
16
140
84
192
81
145
69
112
39
72
135
194
114
141
161
156
94
156
140
43
141
183
198
36
19
136
134
109
112
56
117
132
68
174
34
130
14
57
12
103
122
88
154
89
158
124
136
106
34
11
117
186
63
112
92
144
142
184
4
39
116
171
99
82
44
118
9
176
160
126
4
59
118
11
82
172
75
62
133
2
75
70
162
31
192
70
197
106
158
64
52
169
31
61
52
28
17
119
92
113
160
96
193
182
29
7
50
184
53
99
198
164
191
38
85
70
37
152
200
145
186
145
181
192
16
34
102
88
1
2
172
175
82
79
154
174
6
81
171
7
98
19
109
73
90
148
24
27
95
131
175
134
19
15
32
111
156
102
37
184
133
25
60
148
30
92
170
148
128
48
82
183
32
106
88
199
42
171
148
90
53
161
67
107
74
36
51
136
172
19
114
193
187
33
182
100
26
137
164
2
139
131
193
180
59
51
184
108
74
83
78
2
177
163
125
11
115
147
46
138
2
172
34
86
24
95
59
48
90
77
22
30
34
47
89
88
164
65
176
129
49
99
116
171
179
157
8
109
130
174
129
4
191
130
33
33
34
51
119
128
109
191
116
3
38
54
15
20
129
89
161
43
101
194
57
92
151
8
108
153
40
115
48
97
80
184
52
101
186
101
93
162
60
80
174
58
143
157
48
8
30
97
197
169
171
81
127
33
40
161
52
169
192
170
142
100
57
111
178
50
93
24
52
98
15
133
138
81
14
57
64
180
176
113
92
53
7
112
49
11
109
73
117
46
40
1
32
100
13
147
186
67
5
194
127
49
169
36
122
177
135
16
31
12
63
48
111
46
68
107
90
74
146
11
30
29
77
3
8
34
102
50
4
152
50
56
16
87
56
160
127
165
114
41
139
23
9
132
125
155
48
115
197
19
158
71
129
63
144
93
38
187
17
73
11
190
130
56
77
66
21
4
182
37
6
43
16
170
199
119
56
169
20
145
39
195
28
81
83
170
186
92
114
154
182
170
60
162
145
10
167
71
16
177
11
95
194
27
39
47
187
200
119
103
155
187
55
125
67
127
135
21
50
129
76
101
163
37
61
182
110
26
73
53
180
30
89
138
38
83
18
92
62
163
103
99
45
29
149
112
61
81
47
168
118
125
147
149
186
69
37
180
166
7
9
137
196
103
196
118
138
68
196
81
63
12
173
86
145
98
200
12
17
61
103
70
71
132
200
58
23
103
179
38
102
127
148
128
75
28
102
47
86
134
9
20
103
117
111
110
121
144
160
115
153
60
82
123
137
6
137
152
65
12
1
68
155
171
151
178
175
146
45
156
36
59
36
175
79
129
133
152
79
59
84
124
159
185
45
120
77
95
35
109
103
124
8
126
133
38
34
111
160
151
160
128
137
172
91
178
42
114
70
60
60
137
197
8
62
69
155
120
167
184
155
16
10
40
151
25
123
66
102
200
168
146
156
191
68
105
165
63
84
163
71
9
28
200
31
173
186
161
76
32
100
99
104
114
8
82
164
156
176
50
192
182
55
23
132
64
174
184
139
71
186
27
116
135
187
44
8
189
169
197
154
53
138
108
164
197
13
103
162
164
50
147
161
58
84
35
113
150
190
150
24
156
199
3
152
111
113
86
176
146
112
117
8
28
99
36
95
195
199
130
108
23
54
17
64
146
41
160
167
64
70
36
68
76
57
92
200
117
42
7
3
15
127
85
126
136
144
31
137
16
66
136
11
173
191
44
15
70
16
176
68
5
4
164
94
114
10
156
107
179
156
196
20
55
5
47
178
137
114
108
157
174
142
7
58
47
108
96
1
1
139
31
1
169
148
10
65
197
62
31
63
157
82
77
172
106
132
41
103
18
39
111
189
26
156
33
95
48
4
63
116
72
12
196
166
20
73
191
74
46
48
175
46
166
141
45
118
138
130
16
196
163
54
93
184
196
153
142
51
128
170
89
42
158
45
43
59
55
185
83
178
176
191
96
64
111
78
109
18
141
50
186
111
131
124
131
177
125
101
23
93
171
36
117
103
95
84
93
7
186
50
191
186
7
171
108
125
50
71
122
136
95
16
48
27
5
16
150
43
136
197
72
187
156
108
1
143
35
7
71
168
58
113
108
92
176
151
137
137
54
162
66
185
21
21
159
129
49
109
57
161
87
133
62
36
39
50
1
41
188
104
16
146
173
25
146
92
117
190
179
162
18
173
73
175
125
159
115
118
186
130
75
181
54
75
56
28
133
34
74
62
129
134
63
60
88
191
2
124
131
194
195
10
153
37
40
63
81
13
21
131
101
177
79
169
15
163
62
26
51
189
22
40
71
180
175
27
89
84
32
39
24
109
135
159
26
169
183
86
199
166
44
55
10
86
125
133
129
47
149
136
105
133
33
140
11
42
48
161
58
103
138
139
133
160
137
13
48
6
125
133
49
32
64
89
83
139
38
98
56
155
128
87
23
84
113
2
78
177
106
143
113
198
14
81
188
39
42
168
126
160
77
102
32
145
155
175
73
163
63
159
11
117
141
85
121
188
174
130
86
19
178
75
186
160
60
181
3
166
191
122
150
7
140
94
23
161
90
170
7
76
137
89
102
94
19
118
98
30
96
141
28
20
94
48
43
70
114
38
180
50
189
111
108
129
123
3
188
24
84
27
84
25
68
149
189
126
42
87
145
31
163
161
137
147
36
134
124
199
99
172
69
200
69
60
181
74
79
161
33
119
92
119
133
176
86
193
78
68
14
175
79
86
170
116
48
181
79
4
141
105
43
118
112
154
70
56
140
70
160
69
42
143
94
30
111
134
46
188
65
11
125
75
180
72
139
71
144
133
98
42
172
192
6
43
39
69
16
184
28
124
147
18
166
171
111
116
143
126
98
105
10
70
140
123
145
99
32
163
144
159
106
163
115
128
136
37
47
60
166
19
192
165
22
187
141
121
117
143
112
10
87
61
97
15
91
121
84
41
101
16
117
12
189
143
127
68
141
4
75
88
98
55
143
79
60
29
46
11
107
73
62
53
37
83
54
98
117
45
26
28
129
182
120
162
197
4
94
178
62
86
24
165
66
50
66
181
115
19
25
101
176
189
4
116
88
30
62
127
89
73
163
194
79
13
94
66
195
76
53
41
12
143
139
140
58
125
198
183
76
172
23
57
73
123
74
88
57
168
8
11
30
178
92
173
137
166
15
166
13
135
34
111
155
71
20
130
46
48
97
160
72
183
136
12
9
11
184
59
146
24
132
86
74
60
100
173
82
114
74
77
42
3
30
103
163
61
195
191
95
180
28
172
109
25
2
55
14
28
115
181
163
20
127
139
162
72
200
18
85
116
179
110
117
180
157
137
26
125
198
103
181
55
159
108
95
74
8
136
155
77
66
173
89
112
110
2
200
159
133
24
22
137
85
90
28
174
116
161
8
94
111
123
78
194
53
35
197
134
83
131
100
189
184
77
163
56
97
160
103
127
119
120
97
79
88
5
154
181
158
98
45
169
108
32
66
55
175
180
41
86
28
91
100
15
92
20
13
2
111
150
71
180
182
52
56
122
115
16
152
12
119
97
200
83
102
54
22
116
151
50
175
139
66
129
144
110
54
169
138
22
157
184
65
44
143
70
57
195
179
175
4
39
93
68
51
97
144
189
183
166
119
184
5
67
66
43
20
25
103
103
10
20
190
183
112
30
53
61
87
48
191
199
76
169
106
172
112
58
148
144
76
162
138
168
13
114
151
88
3
55
82
7
147
180
51
183
129
133
64
45
174
15
155
57
145
109
154
125
99
144
91
91
59
34
181
195
66
79
115
117
182
58
1
141
109
99
27
9
129
56
113
176
95
19
167
23
167
111
191
2
152
187
24
116
109
140
114
95
153
74
162
171
45
78
160
5
111
143
60
97
18
142
148
153
46
96
7
124
179
119
84
194
183
5
198
63
176
35
159
8
177
62
71
3
106
98
43
39
103
98
111
93
62
6
190
75
50
43
192
78
125
117
76
106
32
149
50
4
98
198
172
2
111
173
140
2
64
57
185
135
92
193
46
28
199
85
73
49
118
117
160
96
17
34
199
26
118
77
127
196
29
195
67
37
1
101
12
21
47
14
182
168
78
51
110
146
140
25
50
54
190
25
164
164
68
118
191
152
178
44
114
68
74
6
86
109
76
194
45
44
18
134
67
152
19
155
80
158
1
80
121
24
164
159
144
152
65
172
16
48
20
51
8
111
151
178
163
188
130
188
88
51
32
113
18
39
98
136
102
10
100
86
90
200
69
108
21
135
176
123
10
44
27
111
27
153
137
106
19
9
84
150
56
71
17
23
153
185
145
162
101
124
20
196
148
91
180
16
49
163
180
1
25
81
34
44
82
19
9
123
137
173
69
120
137
199
189
11
71
88
193
51
56
177
101
46
169
144
15
84
180
63
40
81
103
169
195
54
25
132
156
161
133
160
37
19
92
62
67
173
70
34
103
97
104
191
21
19
123
143
64
185
21
14
185
52
103
123
131
26
10
60
5
120
46
133
111
91
161
189
119
88
144
115
153
18
87
175
169
125
187
62
31
84
131
35
8
69
41
147
99
182
181
104
120
166
106
136
93
96
100
177
173
129
127
174
69
44
168
20
54
74
53
122
112
22
159
145
104
132
122
144
174
170
194
44
39
176
191
30
55
17
126
28
162
191
86
143
157
101
182
111
198
131
173
71
23
130
143
25
139
10
196
154
85
165
109
157
47
111
127
152
91
83
125
62
169
17
121
51
37
107
115
193
186
37
83
44
32
120
28
122
60
91
81
141
188
12
4
46
9
151
14
87
11
133
92
83
187
160
8
19
100
83
170
104
173
3
146
25
44
6
164
48
80
124
91
140
89
170
117
155
187
24
135
10
161
3
131
53
179
142
84
10
11
105
102
143
132
71
130
40
12
182
112
197
95
61
36
133
117
199
9
115
157
178
168
180
116
64
133
77
147
187
157
153
21
163
165
58
19
198
29
6
75
114
169
20
124
162
182
79
104
176
71
35
92
63
55
184
39
27
90
185
25
86
61
41
36
119
75
25
51
24
107
128
49
200
86
135
62
147
44
147
125
28
62
155
110
32
197
130
137
46
104
30
9
54
42
141
155
2
134
118
131
40
162
32
122
138
135
114
160
77
165
19
18
167
54
104
151
95
143
172
149
40
18
61
2
87
66
43
57
135
160
162
40
118
8
47
137
189
50
141
68
180
79
105
194
25
104
111
94
44
84
121
92
43
15
42
70
137
133
120
15
72
3
84
10
150
7
127
24
66
98
142
173
158
124
37
53
77
138
57
140
14
169
104
14
168
49
62
5
58
126
82
89
27
138
66
124
39
117
20
53
57
71
79
98
98
109
21
159
154
133
128
115
161
117
32
70
72
46
88
83
92
47
64
86
2
167
185
156
168
187
110
196
58
61
126
160
104
83
127
69
183
15
149
158
96
45
176
180
164
194
116
34
185
48
8
170
93
31
95
31
169
99
178
90
182
20
52
190
44
40
172
137
109
16
17
85
190
10
139
32
146
144
190
190
91
149
99
43
182
138
176
8
56
37
160
30
49
146
2
26
45
67
47
36
111
185
27
129
79
175
12
4
51
89
178
94
49
107
119
18
99
147
146
98
177
37
87
184
69
64
126
182
165
24
187
10
35
87
194
83
129
90
157
176
13
63
156
91
164
42
47
111
118
121
79
134
119
136
112
52
96
86
195
36
145
32
125
66
32
123
181
62
58
22
17
57
124
199
58
193
179
28
176
122
169
136
99
102
191
167
49
164
17
64
136
81
87
23
191
5
186
11
26
32
41
8
129
69
6
155
106
166
144
190
44
177
6
114
75
54
146
141
62
49
8
57
188
199
107
196
79
94
88
177
11
181
10
116
87
44
23
138
123
45
9
42
115
155
102
126
142
191
50
175
199
69
37
8
142
21
196
150
145
166
103
89
39
104
76
14
191
71
150
36
5
112
106
80
46
165
30
195
150
39
3
155
171
61
88
132
154
6
108
184
4
23
143
184
174
148
116
158
143
58
52
143
62
16
27
62
35
7
154
181
101
89
173
14
109
18
188
20
155
117
99
130
197
120
101
166
150
179
68
9
94
18
197
171
92
24
137
166
60
122
147
13
191
103
49
4
34
121
140
179
10
58
132
136
36
189
118
105
148
3
46
28
177
70
97
176
39
160
84
114
113
91
6
102
18
38
173
116
65
52
197
126
12
30
133
67
79
89
52
151
118
28
49
189
94
38
155
151
154
89
198
132
5
21
71
184
8
5
175
178
189
27
132
110
182
102
85
51
145
110
77
123
85
77
168
34
130
131
161
43
165
103
108
74
133
167
78
194
182
51
188
155
72
42
134
82
40
20
121
180
100
178
148
49
138
28
52
16
73
69
97
45
38
189
88
169
66
49
137
54
87
2
111
39
19
197
57
4
44
28
5
160
47
158
187
154
164
171
177
184
54
40
139
102
40
142
130
19
62
97
4
33
89
146
58
129
51
162
114
46
22
119
191
99
200
95
5
149
101
12
48
151
126
34
198
181
4
192
122
199
62
103
158
199
129
98
153
198
165
49
159
104
141
144
171
18
127
145
159
56
135
48
166
153
169
8
75
57
41
129
55
148
155
107
137
130
169
120
193
184
65
47
89
120
25
70
12
162
74
13
152
136
21
12
164
65
2
82
157
197
23
100
61
64
137
165
56
140
163
114
138
4
5
178
30
179
135
96
11
138
22
61
188
1
186
115
55
8
78
127
144
52
103
54
53
182
139
101
44
104
188
152
112
196
57
64
117
71
71
176
12
64
137
38
91
167
10
91
89
50
142
64
25
195
144
196
140
159
22
103
145
164
26
36
116
6
2
45
19
151
10
153
118
147
109
186
193
11
95
20
112
68
1
157
95
117
180
142
36
142
133
168
67
112
110
34
30
5
74
126
57
11
76
192
182
177
125
60
45
76
102
42
159
81
151
191
100
98
193
143
99
179
4
32
86
14
165
193
119
1
199
160
72
187
18
158
2
199
75
189
174
114
178
171
114
200
9
20
5
107
69
189
167
23
188
75
56
87
4
180
98
25
64
164
148
15
179
140
123
10
56
63
35
146
62
7
9
148
114
59
66
101
154
65
193
153
175
6
92
57
197
117
134
70
16
145
9
138
168
57
194
49
159
170
132
124
10
86
65
38
74
170
50
67
147
140
35
120
169
177
181
143
64
95
141
72
56
109
60
180
92
57
106
140
46
90
129
157
85
11
63
1
196
58
12
117
196
150
124
180
152
76
140
187
57
42
47
168
166
127
92
107
155
20
130
76
190
106
180
59
91
56
154
126
187
121
108
32
130
16
157
31
128
128
87
172
13
139
21
79
194
67
86
116
178
14
22
89
179
44
104
100
191
93
13
105
46
161
163
125
30
34
4
148
121
164
63
27
67
11
44
44
38
14
87
185
15
71
49
125
192
45
32
127
45
155
134
155
82
43
143
74
195
149
112
132
121
43
168
97
91
3
165
35
57
153
181
93
192
154
66
181
101
144
101
1
43
19
50
12
84
88
89
109
114
98
148
128
129
140
38
135
23
25
11
99
136
77
