200
4500
23
156
95
100
137
71
163
186
45
165
161
187
64
182
36
188
49
159
98
169
199
133
185
198
110
183
157
11
177
42
47
102
29
129
76
17
118
131
143
161
6
86
149
165
159
4
197
135
98
43
110
200
144
119
160
11
178
143
92
32
12
130
104
83
167
171
144
158
115
146
146
27
66
75
32
85
84
78
7
111
6
28
192
181
171
42
122
60
137
70
199
151
91
184
26
26
106
187
149
160
158
18
152
39
155
45
71
71
129
19
175
10
127
62
180
34
8
158
175
92
196
173
56
185
187
118
172
144
108
103
28
192
69
81
144
50
38
36
88
147
78
141
60
13
152
4
41
140
7
117
60
119
65
181
75
3
152
54
86
4
147
23
141
59
71
154
21
3
98
106
137
139
34
66
141
6
51
112
32
130
133
100
20
190
171
161
65
96
45
57
106
60
181
140
52
133
191
100
38
60
185
11
127
11
148
97
182
30
194
37
200
119
26
166
111
191
157
86
127
159
191
168
70
83
100
64
187
5
52
130
166
136
126
76
175
91
147
62
41
11
172
126
57
17
47
6
161
46
103
5
193
144
177
114
101
172
142
158
4
152
160
130
124
180
73
138
156
157
178
79
88
7
112
200
171
132
59
176
21
180
54
118
6
153
93
41
110
68
120
120
171
183
32
187
58
50
159
102
84
47
79
4
110
178
155
11
72
24
66
99
2
142
187
152
92
107
142
21
26
129
180
200
180
102
180
186
140
121
143
44
144
71
37
21
67
55
178
121
142
98
35
80
32
9
175
160
75
23
94
174
151
117
47
105
108
165
62
143
123
122
141
39
55
54
155
111
37
135
61
2
196
65
88
23
45
180
188
200
63
35
193
16
43
86
36
109
183
134
35
95
112
7
130
179
93
80
83
190
63
108
163
48
113
13
27
134
26
31
194
85
193
60
21
54
126
29
160
153
128
104
164
99
175
166
77
41
113
26
143
103
114
167
198
172
194
20
45
115
196
25
178
68
11
85
141
197
133
137
65
13
117
64
82
102
52
111
84
21
17
68
133
145
10
96
50
120
46
73
123
199
48
67
186
117
126
42
175
183
37
159
59
69
114
150
57
200
98
100
31
21
48
180
142
34
169
39
7
69
17
41
115
102
112
91
92
76
61
60
188
75
92
141
25
55
58
89
38
42
38
136
11
106
77
148
150
31
72
76
174
48
114
106
86
100
54
110
23
200
78
178
64
10
116
43
14
185
1
105
158
64
145
51
26
1
65
60
191
68
141
182
115
95
26
70
134
27
91
185
38
190
138
48
17
185
40
46
196
107
88
194
96
122
140
51
132
140
182
195
186
182
69
118
102
76
37
36
88
172
36
57
72
57
101
20
11
93
86
9
126
21
100
15
51
73
121
20
69
156
128
168
123
68
112
123
48
36
81
59
200
82
158
122
137
71
80
157
157
187
122
57
161
180
192
107
22
83
199
147
116
94
105
194
113
9
71
80
146
42
98
90
55
197
28
154
16
88
145
86
3
136
92
70
117
133
69
121
146
48
133
139
97
123
20
33
113
53
182
8
4
178
21
57
41
165
117
48
39
85
11
2
80
132
102
165
28
166
62
148
54
13
74
55
68
200
111
14
178
199
72
130
121
90
155
170
67
141
150
105
110
187
65
58
58
55
143
84
192
47
128
121
79
165
181
53
147
136
3
14
52
175
110
197
31
146
75
132
198
192
171
5
130
139
126
107
103
11
4
93
33
53
84
65
164
103
98
49
51
10
4
17
97
125
143
155
169
189
72
87
194
29
45
89
49
68
10
85
84
37
67
87
13
138
60
182
92
120
199
18
116
54
73
171
99
168
95
29
75
129
149
77
21
44
61
93
175
182
178
139
151
160
1
162
142
82
56
19
90
12
66
144
185
10
158
154
189
126
131
108
116
8
117
181
8
184
200
106
10
189
90
20
143
125
15
125
95
127
103
120
184
120
3
64
50
117
92
76
74
70
93
166
163
128
1
195
6
47
96
3
192
90
135
24
21
20
49
110
57
46
123
69
31
74
176
192
163
73
15
75
63
48
179
30
124
44
95
84
187
20
38
115
105
178
144
165
65
125
104
8
77
131
40
82
182
122
136
145
120
162
162
111
82
13
67
62
177
141
14
130
107
16
51
98
51
29
74
1
111
125
54
3
13
90
48
6
50
9
112
86
102
36
58
77
29
153
127
6
8
95
157
168
83
181
95
22
23
150
170
197
6
187
61
25
56
41
162
53
16
125
80
166
2
20
133
67
58
113
187
115
88
197
22
63
82
74
82
51
153
56
194
89
124
32
182
116
89
28
104
10
14
146
12
200
79
175
186
198
113
115
3
9
94
5
194
71
173
100
100
186
173
25
54
187
40
152
74
46
133
164
147
8
107
105
182
51
34
155
95
33
193
75
18
11
8
23
4
81
150
176
127
156
105
112
168
65
93
157
124
134
66
86
129
86
4
141
137
48
11
114
126
162
92
151
16
71
173
83
39
33
172
197
92
123
31
160
59
110
20
11
120
155
112
181
28
158
23
116
68
84
44
106
82
198
87
160
25
16
171
172
25
44
73
27
89
153
138
5
133
158
15
30
56
90
46
162
124
148
160
91
103
44
160
163
22
182
8
125
168
143
36
42
118
23
194
11
23
124
149
195
124
134
197
60
23
16
110
181
46
93
196
168
74
10
18
199
124
64
22
120
180
111
152
172
141
68
178
45
110
135
129
59
1
76
20
152
141
137
198
98
49
156
140
44
91
185
91
153
168
36
117
185
37
123
134
46
112
161
153
142
74
142
27
148
176
10
105
113
122
127
13
33
93
138
11
49
196
16
51
142
196
197
54
44
155
134
56
192
164
141
120
170
91
166
164
25
100
121
107
133
11
44
88
39
91
177
15
195
13
158
15
171
77
1
67
28
127
183
180
70
156
94
100
51
103
108
128
123
188
113
162
40
11
35
20
13
155
98
114
85
184
132
69
155
45
35
105
47
128
48
148
13
75
94
15
123
159
24
128
3
117
77
140
175
37
196
22
62
96
39
58
124
83
151
99
126
147
103
147
100
14
118
116
8
159
91
9
77
95
111
26
144
180
86
43
49
113
82
21
89
35
47
122
79
96
167
125
80
53
149
43
109
26
79
127
83
124
35
80
112
179
61
135
114
145
49
121
43
10
101
41
136
98
54
18
163
78
154
69
1
185
107
50
149
61
36
89
184
57
165
83
11
193
33
111
119
11
184
21
119
48
169
93
181
21
114
151
96
106
192
93
35
183
165
160
142
107
52
90
1
109
98
178
27
23
37
165
191
188
12
102
76
27
92
107
164
43
163
65
31
172
67
80
26
97
16
94
99
103
55
57
164
136
120
77
83
193
82
194
118
180
190
149
89
14
78
59
17
12
180
96
155
74
134
5
18
94
156
42
4
92
39
196
168
129
38
1
160
15
46
30
147
4
22
69
85
192
121
65
69
6
144
40
199
2
135
104
76
197
29
134
29
57
138
28
19
5
173
3
35
23
72
119
182
191
92
124
138
5
95
139
175
51
198
76
132
94
195
200
45
141
125
143
95
9
1
86
99
49
143
107
36
150
194
62
199
152
9
21
30
6
7
125
105
109
189
167
95
83
167
101
51
146
139
113
113
160
172
29
47
180
3
4
25
91
76
167
5
21
78
27
16
157
89
158
59
174
178
31
14
24
51
4
27
112
181
83
35
61
47
127
38
26
28
115
123
35
89
150
29
14
69
188
198
74
76
180
40
80
195
134
135
21
35
26
119
163
186
139
9
147
197
86
53
39
109
94
194
79
117
120
21
91
106
59
158
173
86
105
121
31
50
183
55
167
20
81
71
165
9
159
108
107
60
146
191
29
72
24
180
92
47
25
71
33
138
128
123
77
158
84
3
24
155
110
144
94
189
23
190
156
79
1
133
162
183
111
162
42
179
48
107
190
171
175
116
113
15
109
90
76
155
105
73
133
101
74
44
155
125
74
85
146
74
91
96
117
47
166
145
104
91
186
149
50
32
166
57
188
158
79
38
154
122
149
178
68
168
74
100
198
76
95
117
86
11
154
187
71
104
155
23
36
184
108
79
107
80
98
133
39
128
37
200
66
170
112
107
60
95
80
148
44
175
120
19
53
129
74
12
49
85
7
130
128
147
37
187
31
135
159
177
125
130
182
152
102
78
27
102
25
182
182
171
7
7
100
57
51
126
34
171
122
36
34
100
153
47
111
147
121
23
31
53
69
185
68
73
171
58
41
46
179
45
148
93
82
104
139
168
115
2
72
172
179
30
200
55
4
154
48
90
61
198
70
37
21
135
143
58
46
41
7
190
182
66
194
8
171
48
55
168
46
5
120
112
22
158
84
87
12
37
124
112
171
47
28
132
39
70
58
25
29
4
172
108
160
83
183
187
8
140
17
10
102
13
93
185
126
126
135
9
123
52
36
90
104
107
164
40
175
26
120
130
152
149
3
139
165
194
171
127
78
76
176
33
116
170
182
186
82
173
65
94
128
161
21
107
108
128
27
200
102
81
92
70
96
115
23
92
11
91
163
112
21
144
151
185
146
185
24
139
156
97
39
180
163
103
9
29
154
127
93
139
27
39
110
30
88
14
48
178
94
97
52
3
64
22
70
29
81
156
182
19
147
95
34
32
8
181
55
35
199
178
17
138
39
157
48
109
14
163
192
105
75
102
147
173
28
63
21
120
120
1
10
61
83
185
160
195
157
96
50
93
175
165
59
44
35
61
159
148
196
129
124
106
21
77
72
107
54
81
115
51
173
39
122
90
32
4
172
73
124
162
100
20
152
77
193
77
45
72
147
15
12
117
55
30
164
31
88
43
7
163
50
125
99
54
36
113
106
173
56
147
21
38
194
91
172
186
183
200
65
177
6
95
163
118
59
188
27
131
105
90
184
136
170
148
46
77
81
34
142
27
200
6
197
82
35
165
72
55
86
38
87
67
70
77
161
72
157
96
25
105
149
103
78
53
30
124
135
188
135
45
48
12
40
192
144
41
31
149
65
182
196
86
110
16
95
46
147
157
17
112
57
11
42
62
105
4
168
13
178
143
189
188
180
131
102
128
115
138
6
37
110
51
200
67
141
89
112
177
81
77
15
122
141
133
99
109
44
125
107
1
26
61
98
14
135
4
190
16
61
142
12
3
70
141
41
68
9
94
135
54
66
99
127
8
193
190
26
7
200
98
147
63
156
197
5
101
15
116
68
47
118
162
199
62
107
89
161
153
156
90
112
3
123
149
98
172
71
27
164
29
199
131
13
184
80
158
107
135
97
71
162
179
32
37
193
117
51
129
124
199
120
56
140
43
99
120
127
40
146
5
6
124
132
17
127
63
161
186
99
171
161
181
106
193
82
60
65
132
152
52
23
162
92
104
3
150
130
9
62
194
32
140
79
26
42
77
104
107
28
143
86
12
190
69
15
54
15
188
57
54
92
118
21
101
82
116
56
176
66
70
159
47
15
146
93
20
32
78
118
197
4
53
58
193
100
129
153
3
149
125
131
173
106
65
1
48
56
71
147
127
187
63
25
163
171
34
121
153
5
60
97
179
32
128
168
140
154
115
73
161
52
31
96
32
185
118
35
184
27
65
16
145
49
74
28
65
154
90
146
172
10
39
71
33
177
73
131
181
127
147
179
96
115
176
77
55
170
139
177
161
148
198
145
84
111
142
38
84
62
36
71
93
148
90
5
181
80
130
83
10
133
194
19
187
49
198
107
139
73
186
28
144
88
99
114
89
74
86
92
127
90
26
25
100
146
117
145
145
6
128
146
94
140
34
133
71
116
91
118
82
103
164
38
56
92
148
46
89
15
23
81
18
91
151
142
99
46
189
120
79
102
29
152
162
178
31
31
62
80
92
4
7
10
126
32
71
89
194
198
176
128
114
46
117
187
176
28
118
12
79
190
52
181
23
179
12
13
130
21
21
22
184
48
183
80
173
96
183
137
146
118
187
142
58
135
150
84
147
56
152
23
19
99
72
126
128
73
102
192
200
102
50
34
4
148
69
140
183
5
126
166
170
85
94
77
147
158
114
118
97
171
181
156
98
91
190
143
180
113
128
91
141
14
183
192
106
42
22
132
57
127
73
103
91
23
47
40
48
22
13
148
158
182
170
25
102
70
24
193
81
165
149
200
16
97
96
11
45
94
144
166
128
78
21
2
130
66
9
161
51
51
3
5
161
93
90
97
183
200
158
8
78
72
156
164
83
12
59
175
6
137
157
17
196
99
101
130
58
133
68
43
22
78
148
120
176
90
47
58
178
35
133
99
153
124
121
62
49
178
192
56
99
162
92
18
51
127
56
92
52
158
135
38
170
167
144
182
104
155
156
135
40
193
155
18
89
26
115
8
174
36
102
63
42
3
55
50
178
8
91
53
154
124
110
81
37
137
164
128
134
114
18
189
199
5
32
32
83
166
200
76
43
33
29
190
106
62
137
125
144
119
191
150
161
161
5
125
113
86
20
129
142
10
26
27
80
36
168
83
54
69
149
123
64
44
27
41
59
39
29
38
106
60
108
121
122
40
78
137
45
142
128
199
19
84
200
118
196
43
150
198
181
126
40
181
171
73
38
65
129
126
56
160
19
14
138
124
155
198
180
136
35
76
107
180
79
166
120
35
31
196
151
20
3
33
150
20
172
2
148
14
165
163
104
112
82
122
95
64
18
125
78
30
85
10
16
182
67
65
89
94
87
146
197
27
26
71
67
18
177
63
79
188
184
148
26
10
74
104
135
87
94
101
24
50
191
77
161
128
180
106
3
2
85
143
19
193
171
37
190
68
103
75
162
184
194
108
28
7
49
63
86
194
114
176
91
147
16
3
69
174
127
92
100
156
118
155
141
5
119
167
108
57
90
99
154
134
87
70
172
77
10
128
57
157
153
53
63
144
104
186
59
84
91
12
50
75
146
3
134
123
185
39
170
172
119
190
95
173
144
137
119
153
88
50
63
27
2
5
146
111
143
165
78
156
88
190
41
140
91
13
159
131
159
107
28
164
80
24
76
198
161
140
5
52
121
15
193
89
198
32
8
124
175
21
122
82
172
78
106
167
74
98
132
152
63
171
181
14
102
52
107
15
75
73
154
140
150
47
19
22
163
164
21
155
30
110
177
84
193
49
119
129
85
79
181
96
89
100
168
8
18
56
126
16
57
61
1
86
36
197
157
88
197
61
46
93
185
174
27
69
49
37
56
102
30
9
116
173
197
158
169
143
177
36
147
55
51
103
153
111
39
30
57
93
191
143
198
139
189
190
47
60
30
138
6
137
97
144
30
134
44
164
17
124
11
13
175
188
13
27
82
140
198
24
176
87
82
114
90
47
108
112
26
154
153
45
23
35
79
1
17
157
123
59
188
33
84
191
89
120
22
171
182
81
190
128
157
24
183
7
137
157
49
97
135
149
150
9
139
21
153
50
73
83
96
124
118
116
148
118
122
184
14
171
120
41
5
126
147
69
108
106
159
32
54
105
46
183
66
108
81
140
24
121
35
189
5
169
158
146
143
27
133
97
101
177
68
22
3
138
58
120
174
195
27
97
194
37
58
149
112
146
165
98
142
200
95
43
12
155
149
108
198
29
25
59
193
39
8
189
173
116
78
146
113
35
197
29
46
120
179
145
2
12
23
156
3
104
168
83
183
9
20
105
12
118
178
63
96
111
70
162
46
3
53
178
74
70
114
125
11
155
107
21
168
6
77
114
124
19
178
98
44
50
97
112
83
170
147
46
109
177
4
161
89
173
140
42
167
102
137
14
122
119
44
41
64
125
190
122
105
92
129
196
142
6
26
34
180
65
170
80
11
36
86
81
80
122
24
51
152
45
190
186
91
117
90
19
78
51
140
95
128
143
82
33
6
85
121
198
19
171
54
124
66
105
198
134
185
51
14
189
22
151
19
113
193
94
68
146
25
13
52
3
109
99
80
69
182
82
88
111
76
27
74
145
60
169
165
115
95
123
79
2
54
88
3
195
53
51
142
11
46
59
151
163
120
158
57
149
192
12
110
20
93
92
121
70
17
115
33
195
21
176
111
105
142
123
92
69
108
165
106
185
128
45
159
37
160
44
153
140
45
129
74
183
154
83
192
15
128
66
98
61
99
174
95
184
83
152
97
195
38
153
194
88
113
172
112
53
20
29
74
49
125
105
78
25
23
81
68
33
159
42
21
6
190
193
129
28
65
143
117
199
7
115
175
200
190
155
184
87
99
86
25
72
7
80
123
158
1
183
92
133
104
157
167
74
48
188
58
122
85
134
186
138
148
74
177
26
3
50
127
93
154
25
70
164
8
151
131
133
167
161
198
83
24
77
2
20
153
86
97
128
155
157
182
28
33
164
44
84
142
105
182
61
45
127
170
30
86
199
96
193
115
199
5
81
94
133
103
150
59
23
1
146
184
66
126
54
19
63
60
84
24
180
146
36
99
148
91
106
177
51
6
17
130
11
200
95
81
144
96
61
173
46
38
80
1
50
130
147
156
109
124
48
51
8
151
66
53
169
181
124
78
97
40
18
130
186
70
120
198
95
62
49
143
7
60
120
29
65
123
33
167
69
95
140
25
14
116
21
114
150
200
98
72
28
170
199
181
65
103
47
190
200
38
84
100
36
47
137
31
192
162
11
118
185
15
157
19
68
158
159
169
111
91
120
81
67
134
77
167
45
171
27
75
194
79
51
19
34
137
185
159
181
10
161
124
173
64
105
141
31
14
63
45
33
188
144
36
70
121
154
81
143
163
120
137
131
93
75
113
66
10
21
99
118
6
75
161
43
120
39
167
171
104
4
143
57
102
164
71
49
138
44
148
127
97
160
102
112
80
70
106
166
94
147
49
150
155
74
99
137
162
59
67
142
14
91
198
9
21
69
162
163
66
78
130
187
80
73
100
178
154
27
28
35
90
48
12
119
77
157
24
32
174
32
42
181
163
40
37
88
61
70
13
68
69
13
104
4
4
167
87
125
81
137
55
154
187
147
6
15
166
26
125
163
142
126
99
85
186
53
189
49
177
195
187
118
69
101
91
152
48
186
162
135
91
74
103
167
169
170
18
153
197
107
61
176
79
164
137
56
174
75
193
178
122
109
147
3
45
133
121
12
11
48
11
76
111
44
114
197
6
94
44
99
107
175
196
96
177
12
128
48
141
168
191
96
10
27
46
12
135
63
117
151
23
58
189
90
157
196
67
21
79
38
7
113
110
6
182
31
63
99
122
10
29
140
22
11
54
10
63
150
7
26
67
91
89
200
77
98
95
120
14
76
132
16
102
116
124
53
66
1
51
148
173
137
63
198
155
70
133
84
52
103
92
10
104
140
61
41
150
78
33
136
172
153
13
105
1
27
149
10
40
148
146
58
73
188
183
157
48
150
83
164
104
149
160
146
141
196
182
52
140
88
147
50
9
129
194
94
129
22
45
57
161
180
29
145
171
5
177
123
92
168
109
154
27
193
1
190
27
7
126
172
32
60
100
128
175
126
136
29
37
191
136
147
16
105
70
133
75
38
64
84
77
169
173
89
105
109
9
97
170
24
44
78
135
62
121
142
108
15
142
57
49
158
113
65
158
80
11
101
129
61
21
173
109
76
66
9
57
101
111
183
112
1
108
91
34
167
34
38
65
136
170
44
176
195
117
159
116
73
10
148
133
124
17
11
68
163
34
179
144
6
100
200
102
21
60
57
97
188
200
140
118
160
25
48
90
193
159
114
32
114
139
197
25
182
6
179
190
16
159
44
51
163
69
153
145
121
33
129
72
127
74
188
192
109
73
51
39
35
128
110
8
52
50
102
152
136
116
181
91
144
186
30
107
13
48
26
44
16
131
10
137
177
147
66
36
101
7
107
44
103
98
197
90
28
151
126
120
63
199
124
5
45
50
145
131
8
173
177
131
148
90
68
43
115
139
136
71
22
23
171
126
85
158
98
99
110
174
152
168
48
40
31
167
49
172
190
150
30
24
182
79
170
80
108
28
191
129
43
136
140
107
11
53
136
199
87
120
188
12
162
66
181
73
7
166
21
151
141
70
5
144
4
134
159
50
64
194
5
178
25
100
5
112
195
45
146
43
33
167
194
1
156
191
106
174
37
34
44
55
36
19
61
51
48
75
84
190
42
2
