200
2500
9
138
60
33
80
91
78
59
140
146
132
107
90
4
155
138
101
168
30
76
23
189
189
165
133
5
90
126
172
137
30
100
86
48
62
108
91
98
190
90
59
59
73
14
89
75
73
53
48
189
3
89
29
56
76
30
199
178
4
8
34
188
70
4
88
64
113
2
139
192
100
189
3
76
17
49
74
138
112
33
44
95
155
106
122
153
23
76
184
4
156
143
58
161
153
163
106
64
162
83
65
17
29
80
174
40
178
46
64
179
152
111
113
69
148
37
103
73
93
17
132
130
122
102
67
44
129
99
108
21
55
190
46
59
128
30
140
174
133
81
194
10
135
101
136
98
46
93
68
7
137
3
151
184
46
194
182
176
157
157
44
16
124
55
87
138
57
168
97
95
55
31
14
90
63
185
66
28
84
24
67
44
175
192
115
45
107
142
199
39
173
187
64
121
174
31
110
180
40
23
33
65
194
159
58
169
105
55
84
84
55
79
186
24
3
143
12
132
71
161
45
161
46
128
12
184
140
122
20
189
168
183
47
83
22
162
167
15
185
182
3
137
31
158
98
167
164
131
38
191
54
132
65
48
173
88
183
192
146
30
56
72
197
48
198
184
6
41
146
94
196
178
154
94
175
163
199
153
71
200
190
104
148
115
174
11
98
137
86
27
47
100
30
139
90
117
126
81
92
192
1
6
65
200
5
121
14
97
157
14
104
135
173
154
188
11
73
152
91
46
152
11
13
200
178
177
117
182
39
14
25
7
113
163
51
126
85
87
51
51
110
109
16
11
139
119
126
66
161
55
11
88
142
144
58
97
9
124
85
70
148
139
66
18
46
175
98
177
155
168
175
26
121
35
106
184
118
135
150
29
132
120
89
172
158
2
146
25
69
4
170
21
119
10
149
170
87
56
36
11
80
194
72
47
35
185
11
9
184
39
3
88
133
131
32
173
80
77
185
148
39
41
40
129
61
139
81
196
165
145
50
113
30
115
19
131
19
7
112
156
2
54
57
8
16
136
181
134
185
4
173
54
98
92
122
44
26
183
109
166
18
23
49
98
107
128
71
76
87
102
177
94
41
115
89
119
53
195
170
130
133
158
70
2
176
1
73
179
56
169
131
198
76
194
93
157
91
20
37
158
174
70
143
179
96
144
29
87
83
160
138
157
94
99
151
96
14
46
5
20
186
120
77
126
129
35
161
30
41
190
77
136
167
36
5
28
115
191
189
138
71
49
89
86
114
100
21
157
70
128
17
172
166
161
91
129
163
19
141
50
147
30
146
26
74
79
147
168
134
49
107
121
196
196
111
5
188
172
199
160
173
64
192
132
44
136
174
162
174
153
98
183
121
140
116
129
85
129
49
118
6
58
189
145
145
82
62
18
109
191
130
43
89
45
82
98
199
46
5
123
199
95
3
45
86
1
157
29
95
50
189
138
160
96
64
161
12
88
124
167
178
47
43
172
37
17
111
112
122
150
143
40
7
46
49
147
126
85
72
17
176
28
32
133
196
7
134
193
85
94
21
164
130
22
151
146
25
94
45
182
88
10
82
178
1
105
110
24
129
88
148
175
106
40
149
43
52
195
11
28
112
137
40
25
160
119
57
139
69
31
184
171
103
52
96
9
125
63
98
106
152
138
111
196
95
134
150
151
58
195
132
154
85
94
170
71
181
98
112
157
9
60
32
108
156
8
22
93
173
195
17
62
39
179
54
115
192
107
4
115
52
130
162
59
184
64
116
166
49
91
67
16
65
143
34
52
59
10
129
74
198
172
125
100
118
174
68
2
43
70
144
65
61
35
58
150
191
187
200
53
86
116
45
120
154
76
90
81
35
112
104
60
20
57
59
64
162
56
78
6
81
108
168
8
162
183
109
88
1
37
10
58
139
154
42
147
177
103
126
64
87
27
17
98
192
28
23
7
11
111
114
19
190
184
43
95
66
6
161
94
127
24
42
52
95
86
61
103
168
90
188
73
23
125
123
26
86
89
89
94
175
108
48
129
75
47
49
129
86
158
190
153
130
58
47
42
27
97
100
184
184
195
161
73
23
197
146
77
24
121
25
49
95
86
180
143
145
83
163
51
99
4
196
71
8
104
1
146
50
96
82
182
195
183
81
11
130
122
7
17
99
168
2
132
167
59
59
98
136
51
50
170
35
20
50
54
132
25
12
138
26
46
191
26
182
150
125
172
15
70
37
198
108
135
106
181
54
54
131
102
55
110
72
139
185
47
45
17
188
193
88
68
148
50
199
113
110
68
65
74
151
4
153
99
24
80
175
54
116
101
105
174
100
147
142
102
6
41
74
57
103
51
39
89
150
92
172
79
11
170
190
32
163
156
71
82
59
144
196
100
88
179
197
10
95
6
170
93
175
195
59
90
18
45
130
156
110
191
80
121
82
31
36
153
36
174
26
162
89
51
154
132
103
157
40
3
51
17
190
170
180
67
54
192
50
186
73
69
64
96
197
175
134
43
82
166
92
195
132
60
22
188
2
70
47
163
129
2
73
176
112
92
74
73
62
179
135
172
85
130
195
124
156
59
188
169
125
39
199
191
10
84
35
69
118
126
74
141
155
160
198
141
36
41
143
184
133
149
87
96
31
32
53
94
90
158
192
178
177
137
70
99
38
44
174
195
10
158
162
90
62
14
71
80
21
85
1
110
147
83
153
19
6
10
99
152
19
143
108
54
193
61
151
177
27
146
106
124
12
69
11
70
130
171
96
53
175
9
65
126
176
93
62
177
157
103
54
173
132
194
1
46
35
32
37
101
7
159
146
122
107
20
10
81
62
46
102
114
32
178
44
165
64
146
67
59
114
61
122
191
58
35
191
60
54
117
73
46
136
36
90
124
151
73
125
79
78
157
26
162
75
183
196
127
75
48
129
129
69
48
111
57
147
82
129
64
114
90
122
186
46
14
74
143
116
18
20
153
135
21
133
64
94
196
93
46
43
133
151
184
168
15
122
70
142
137
126
166
193
134
192
167
146
25
184
147
4
148
43
65
12
108
172
197
146
33
81
176
73
183
123
39
22
38
179
140
70
174
44
17
179
73
100
171
48
90
176
35
195
195
125
83
169
96
199
87
45
135
20
178
39
136
101
191
2
86
46
20
98
75
84
49
41
68
60
91
183
5
148
192
142
108
159
138
133
81
138
120
121
32
102
69
140
7
72
133
181
103
109
153
36
11
167
93
82
85
123
131
19
155
10
131
45
112
177
195
20
44
56
44
109
11
172
35
13
101
85
185
95
157
187
124
113
121
90
170
185
51
143
80
36
142
80
129
153
166
127
183
7
147
112
90
176
4
153
36
165
24
113
1
17
98
36
79
169
13
157
21
111
7
63
181
177
153
136
182
50
164
131
54
68
17
161
62
24
96
105
147
169
119
109
31
106
110
103
72
108
16
1
59
179
44
186
63
144
184
12
116
192
20
17
134
174
140
39
167
95
81
58
111
134
44
21
98
156
132
11
19
173
183
151
79
50
31
110
35
27
39
190
85
101
21
13
129
19
38
138
3
174
86
130
46
9
159
56
88
193
133
80
93
108
14
48
78
160
107
110
161
182
152
150
183
158
175
173
105
183
45
33
95
174
4
50
122
117
14
139
161
59
104
105
25
123
61
63
155
60
177
45
198
105
96
154
171
54
183
184
185
30
7
150
90
179
54
92
148
7
159
37
91
152
152
105
141
61
168
159
87
167
149
99
63
60
95
130
163
171
95
146
53
136
25
76
8
39
67
86
195
200
75
129
135
122
1
7
37
89
42
58
39
135
83
136
165
148
42
120
30
91
48
73
58
169
98
168
42
175
169
43
114
37
130
155
133
152
71
175
128
99
196
114
65
63
103
200
90
48
153
110
61
82
185
163
78
118
118
150
143
68
39
15
140
43
74
130
160
197
40
54
36
111
168
9
161
158
34
2
193
168
6
112
151
35
61
140
34
171
148
175
83
10
131
90
10
51
64
91
163
23
3
132
149
49
135
79
189
63
2
109
129
32
133
66
120
76
140
45
95
81
16
148
7
151
75
12
93
87
42
199
5
95
24
117
17
167
121
200
101
167
183
198
127
98
128
16
124
107
10
145
48
78
129
181
126
141
92
112
178
93
16
129
150
84
47
48
155
145
124
145
197
66
86
146
5
121
132
178
107
91
98
118
192
145
138
4
92
106
44
164
96
158
92
179
40
40
190
104
92
63
38
58
145
157
114
169
62
104
84
52
7
158
110
18
18
174
28
119
153
61
33
87
107
112
58
26
103
84
22
190
7
199
6
188
138
60
82
129
106
123
86
6
88
41
68
190
98
95
189
50
54
21
185
42
14
123
186
156
188
171
179
26
41
68
48
193
9
13
148
136
122
15
2
39
155
198
185
158
1
144
12
136
179
134
198
137
57
168
94
73
32
17
199
41
183
197
132
188
178
74
137
166
127
106
164
129
69
61
60
182
70
150
96
169
47
29
78
179
46
95
19
112
112
6
173
184
129
127
68
136
134
5
139
167
136
104
67
199
112
76
79
49
108
117
79
100
4
172
191
90
132
180
137
6
55
87
117
50
20
152
32
35
3
166
116
65
108
90
187
150
182
9
166
122
196
195
24
111
142
28
58
111
89
180
103
18
169
57
128
32
96
60
127
153
169
131
46
38
169
1
194
75
154
109
165
113
4
96
32
176
111
36
120
11
54
27
95
193
82
165
127
87
186
45
71
52
110
18
158
142
192
67
11
36
27
174
135
97
25
108
52
26
89
99
79
138
130
36
118
96
100
36
21
123
131
17
148
93
68
58
13
199
173
118
62
121
130
173
39
7
194
85
86
140
177
185
186
139
64
139
146
103
111
116
183
20
48
28
155
55
135
6
142
15
73
20
196
32
68
164
188
105
60
100
198
51
130
6
109
179
189
25
137
197
17
31
40
199
114
137
116
49
133
80
26
101
5
179
73
125
185
13
156
71
182
184
27
185
47
103
198
135
64
66
107
10
184
153
124
150
128
134
155
174
134
121
158
170
164
156
176
11
44
85
134
144
7
116
34
115
59
135
40
51
172
158
149
116
152
169
198
53
131
27
127
150
26
184
16
95
72
38
83
24
112
84
141
76
61
102
75
185
63
31
5
151
7
193
183
51
25
30
175
196
137
147
33
156
152
107
143
38
59
36
92
27
141
113
21
51
90
183
22
56
145
200
86
90
6
82
27
19
78
104
26
158
40
21
32
83
68
129
82
196
110
194
160
151
130
102
38
134
132
86
8
181
129
123
113
65
168
52
138
33
154
114
51
53
128
59
24
141
88
158
179
106
106
154
22
55
73
9
19
197
36
108
97
1
160
151
18
139
82
59
136
4
154
151
172
50
27
153
159
196
46
66
12
98
42
107
57
104
66
4
172
11
162
30
33
176
89
180
123
95
111
115
36
155
155
145
73
110
115
144
75
185
69
141
162
174
88
23
140
31
14
182
77
103
190
200
180
43
61
16
71
184
54
189
13
142
168
149
69
150
34
55
15
74
100
13
84
169
75
194
9
55
67
107
19
7
150
88
61
92
64
46
99
174
68
127
81
169
76
128
76
104
13
141
168
71
129
94
90
114
145
65
144
10
101
11
115
19
121
148
29
124
39
178
67
134
83
62
92
134
90
121
167
136
26
2
176
