200
2500
167
98
148
153
41
128
9
106
96
183
136
136
141
192
121
105
120
39
111
101
147
156
20
90
152
142
195
135
30
132
185
138
91
76
83
16
196
120
85
72
1
57
12
67
37
146
94
194
69
111
168
78
73
158
36
179
80
25
72
51
195
193
121
1
167
157
115
69
177
99
55
41
145
142
112
64
16
84
192
132
137
59
86
163
7
151
15
43
103
115
20
54
9
120
10
182
10
77
40
75
143
104
113
23
194
183
109
132
106
103
27
93
160
115
158
88
180
69
83
134
175
60
39
53
112
94
168
18
127
141
51
59
146
67
67
196
163
129
190
69
175
27
49
20
177
125
99
196
134
78
24
97
179
112
185
180
77
75
137
179
130
78
173
22
128
46
64
15
49
79
19
136
116
116
28
74
36
54
108
112
17
45
56
36
40
17
151
199
97
17
164
36
151
160
171
189
56
29
157
31
4
193
81
102
159
52
29
125
33
90
196
30
71
118
37
16
183
9
7
172
60
169
87
168
116
164
10
50
116
44
100
142
101
70
200
151
115
26
76
66
21
43
159
107
182
147
149
154
165
41
80
13
87
174
66
191
56
13
107
56
164
128
13
87
5
150
173
53
177
124
162
147
126
12
115
153
73
19
153
192
56
64
135
168
111
145
43
121
132
22
172
69
38
139
190
75
115
17
20
200
143
106
100
43
152
16
36
128
52
64
65
85
166
177
22
78
20
113
154
163
200
20
7
45
30
90
198
63
187
192
4
200
74
38
194
185
165
104
190
188
33
48
14
8
2
194
105
118
20
115
122
4
148
171
123
45
110
120
42
185
3
70
100
49
125
37
63
29
195
4
51
27
115
138
156
56
42
71
46
32
105
179
187
122
173
177
175
144
164
182
66
149
79
129
36
25
194
150
161
17
190
52
165
184
84
104
114
75
148
133
170
193
175
116
101
194
153
81
118
15
123
15
121
186
175
69
165
106
14
139
153
23
75
111
14
136
58
50
137
66
99
138
185
10
193
133
178
116
39
130
185
190
190
97
2
11
144
26
35
53
83
119
44
131
24
136
48
172
75
154
140
190
170
157
62
119
60
77
14
112
39
66
174
26
182
12
198
169
97
84
39
100
165
175
66
52
58
77
84
155
103
53
99
185
55
11
69
135
117
190
199
190
141
64
61
18
88
96
86
88
121
11
104
35
101
189
43
43
184
166
23
191
126
140
39
126
183
82
7
180
48
88
99
199
71
86
119
188
175
198
156
64
176
65
106
142
2
53
114
86
43
84
153
184
128
22
190
17
45
59
35
77
87
127
129
13
115
59
35
47
152
120
154
86
46
99
51
95
93
30
70
160
24
110
67
160
123
24
35
2
94
189
61
43
88
27
52
113
1
27
108
141
96
133
63
6
135
49
94
108
101
12
3
32
84
31
133
165
27
174
35
21
97
39
79
34
27
147
185
197
4
32
113
93
5
100
105
56
80
112
52
18
48
30
56
50
75
105
129
71
5
177
15
67
137
6
80
171
127
148
90
60
90
43
88
17
165
17
151
171
34
140
151
157
40
160
184
93
136
93
129
60
134
8
127
59
11
181
118
24
189
24
6
9
180
45
12
72
32
191
115
200
123
39
122
64
187
79
190
60
191
9
120
31
9
104
4
108
109
35
153
56
145
26
106
178
47
87
145
13
63
56
8
177
182
48
22
77
8
56
180
196
43
180
14
136
52
170
99
161
178
139
43
68
28
58
157
89
172
132
192
24
90
36
112
199
55
85
124
167
108
69
22
113
34
24
53
105
49
38
6
61
96
193
194
161
6
73
117
3
86
128
117
26
113
43
91
1
8
142
187
148
58
120
94
121
147
74
101
82
185
179
156
173
21
29
38
45
186
161
58
58
17
26
123
23
171
38
132
21
184
23
26
13
25
63
21
70
114
69
186
30
144
116
58
115
84
34
95
141
104
37
159
158
7
87
195
20
21
47
125
76
30
154
146
187
173
52
73
21
119
44
198
171
103
107
39
163
72
42
132
36
61
128
139
162
107
151
104
14
117
123
61
139
129
89
41
107
113
159
169
136
17
81
110
91
90
80
161
152
120
30
146
1
142
25
78
126
122
29
68
137
13
145
43
106
157
37
38
11
116
4
121
39
146
55
2
120
103
11
121
63
182
161
58
189
191
107
46
163
129
78
5
49
3
126
77
116
73
79
117
130
14
96
89
189
130
133
38
107
60
113
96
189
35
60
65
60
124
73
105
48
178
34
35
104
192
77
34
139
174
158
153
40
162
154
55
104
9
48
160
112
115
19
158
21
121
31
21
99
177
189
121
4
176
157
195
12
22
175
57
168
5
97
48
75
108
187
109
16
193
45
85
96
136
43
134
19
145
200
179
17
63
163
64
167
9
171
52
177
43
114
153
82
192
168
174
147
195
166
168
51
54
102
4
85
24
108
150
74
129
58
130
130
66
145
177
58
142
8
191
98
101
144
43
31
92
46
178
179
109
43
184
9
53
44
131
185
141
83
115
191
38
74
176
2
73
109
193
36
101
11
200
189
65
134
150
130
66
161
181
75
47
77
33
199
92
34
54
3
69
37
91
27
178
89
57
55
166
59
157
83
75
147
111
54
93
88
109
108
176
110
130
147
152
19
137
78
85
193
148
125
186
50
183
70
104
47
153
166
85
192
54
58
92
148
5
70
135
89
181
184
35
85
31
34
81
135
56
189
146
39
108
176
78
39
134
63
188
181
92
157
94
86
27
44
13
193
2
58
152
167
29
165
10
59
8
50
127
11
195
23
67
5
139
108
31
27
158
178
157
117
85
32
5
5
59
6
17
129
200
99
106
71
60
52
79
21
153
9
79
77
23
161
146
169
193
20
164
45
41
8
121
69
147
35
178
63
172
199
47
97
165
122
62
30
2
103
140
11
70
57
96
33
135
92
22
11
128
143
45
116
47
194
155
121
143
32
181
16
163
191
43
192
89
122
89
106
116
81
21
200
99
75
12
154
31
104
132
70
132
50
116
24
117
71
126
19
5
64
45
31
24
76
108
195
34
175
159
200
139
136
98
24
62
7
57
67
44
130
15
77
54
26
44
140
176
40
192
147
11
162
34
187
135
7
162
94
111
197
89
159
183
183
172
85
14
13
10
41
108
50
117
156
196
185
21
169
199
186
108
10
64
91
184
168
111
167
134
192
176
84
165
4
132
16
131
161
181
87
187
11
158
52
117
68
115
107
99
100
140
155
13
158
162
112
11
94
136
109
24
103
51
30
72
50
66
34
17
2
10
31
85
144
110
135
159
134
64
117
164
1
66
93
44
154
65
135
68
114
166
190
67
24
107
180
66
113
97
35
29
69
157
103
48
5
28
155
62
51
200
155
128
18
157
149
102
84
122
2
199
159
78
170
71
172
199
142
141
137
172
94
86
137
38
108
8
165
101
56
85
178
152
91
134
162
168
184
45
68
84
160
5
126
169
127
4
102
42
17
2
100
17
105
29
195
114
1
145
92
141
86
62
199
174
197
36
147
89
50
78
169
139
193
90
49
56
44
175
145
55
16
125
177
113
39
48
166
104
81
43
16
115
116
106
199
163
192
73
151
60
59
62
49
30
120
63
120
161
173
26
59
16
140
93
108
131
192
104
169
150
11
96
36
160
169
104
143
194
63
71
157
155
126
200
100
89
199
114
190
142
43
155
54
35
114
48
9
58
65
69
134
20
147
111
178
104
160
153
43
184
67
4
145
139
37
194
52
36
21
31
103
109
31
51
11
95
39
17
122
138
2
90
19
186
178
9
169
114
154
16
86
136
155
36
47
41
154
142
178
131
141
83
193
168
190
34
85
168
21
38
116
158
90
82
54
156
134
4
176
156
36
150
114
101
72
192
157
92
173
100
87
35
112
137
12
57
88
28
25
170
155
58
28
101
156
138
38
165
184
36
91
44
86
170
168
26
140
79
7
107
146
128
25
180
20
129
22
70
57
51
76
34
82
152
53
87
10
1
41
90
167
135
93
108
152
164
18
50
81
134
127
121
156
42
24
135
83
123
124
181
82
31
46
85
176
145
115
71
6
6
193
47
44
132
199
101
40
107
8
156
85
89
157
33
148
184
169
177
97
115
124
193
89
150
140
194
2
192
87
187
14
147
165
34
83
18
27
34
132
74
42
175
198
111
147
169
129
129
36
160
94
120
154
142
30
90
94
78
90
32
144
44
113
48
113
44
164
106
114
6
3
84
197
128
140
4
197
14
104
100
11
92
81
146
176
98
38
178
91
110
16
155
48
155
31
192
148
56
106
36
52
121
123
35
50
108
41
82
72
120
130
88
22
151
59
33
155
33
95
70
173
197
143
22
46
30
31
59
114
144
110
69
164
98
48
47
35
29
166
3
158
123
68
159
160
196
140
198
188
118
118
76
173
165
72
27
195
170
86
108
116
45
168
1
147
15
76
119
42
152
139
38
61
185
99
75
143
116
63
110
43
153
150
186
1
178
78
57
135
161
199
117
155
70
175
181
38
127
35
122
155
40
161
103
15
181
43
87
48
165
136
194
50
184
31
47
90
43
157
59
28
73
142
8
105
12
148
18
68
79
51
124
56
189
51
188
37
162
75
108
11
63
10
21
85
166
191
22
29
100
83
88
169
196
161
92
48
75
144
71
33
94
136
170
80
154
21
120
26
156
131
192
10
4
78
187
119
90
42
64
33
68
7
39
3
138
106
53
153
3
79
99
66
135
152
184
27
33
179
49
80
4
114
66
109
3
58
188
172
149
117
108
88
62
148
76
200
175
46
174
86
141
74
88
42
173
55
97
60
18
99
47
57
198
35
138
175
18
43
84
147
169
86
173
182
96
53
85
45
46
27
101
12
86
110
97
82
83
91
112
93
122
143
98
64
20
29
64
153
73
100
141
81
66
188
90
187
122
81
64
24
123
146
193
177
55
195
94
159
138
130
118
42
83
135
13
8
79
73
181
20
110
103
140
61
163
177
28
111
46
107
136
74
184
178
117
12
113
125
156
161
58
63
163
38
134
100
125
2
106
82
82
132
189
125
141
199
167
123
181
29
45
193
155
171
98
198
135
167
114
98
152
41
63
29
84
39
186
141
114
86
190
95
26
115
188
199
96
134
168
170
175
155
44
64
14
17
13
194
186
145
161
141
53
181
26
107
130
54
140
95
146
22
66
114
36
99
167
85
21
13
142
105
56
54
147
104
181
55
115
121
44
120
17
196
1
194
77
91
2
149
191
89
41
111
147
141
108
76
172
199
190
178
132
163
7
40
52
118
155
33
39
16
140
130
124
107
50
80
37
12
76
128
116
90
22
5
15
154
110
61
21
143
43
85
144
183
44
35
19
190
156
141
194
94
139
63
77
149
152
173
27
155
110
95
167
97
111
189
4
37
8
185
161
25
181
21
88
182
105
69
94
143
179
155
31
39
110
49
63
97
170
98
191
167
99
174
142
123
117
155
190
193
163
24
42
166
30
115
8
110
131
148
168
128
88
117
194
30
113
42
170
158
152
143
82
107
120
67
106
65
158
156
140
26
62
127
22
40
29
123
79
113
128
178
10
148
94
181
145
99
164
102
197
78
146
10
123
105
64
14
155
83
180
16
155
23
14
189
131
84
40
22
105
171
159
62
75
101
