200
4500
156
73
5
172
19
103
117
11
33
45
122
97
89
77
59
170
176
154
15
37
108
177
112
53
69
83
172
187
25
157
195
13
70
149
171
30
32
189
76
59
122
1
131
187
13
13
189
122
190
194
1
12
157
187
25
28
130
2
108
127
157
135
48
177
157
28
13
6
166
64
38
24
193
178
141
113
147
51
135
50
6
139
99
67
15
103
26
46
186
63
197
111
18
76
187
153
25
15
18
166
9
173
76
32
139
148
10
159
91
146
30
20
77
140
75
137
126
3
40
42
176
49
169
64
96
174
34
182
193
13
104
12
175
3
18
122
100
170
162
66
76
122
193
174
5
144
112
179
165
13
45
119
106
102
157
40
174
196
127
63
41
135
175
2
24
101
36
20
173
44
20
161
156
19
131
90
155
119
87
151
199
198
18
13
117
135
110
112
179
19
28
184
59
175
94
9
4
28
6
172
184
113
44
47
104
57
146
119
120
4
49
116
172
89
192
164
39
7
165
113
54
125
182
37
58
23
53
75
97
45
55
167
150
120
104
101
48
123
135
87
72
57
51
166
122
54
4
140
86
152
80
72
4
17
5
80
198
193
195
9
55
49
52
170
37
178
126
13
10
51
18
18
165
41
147
36
115
176
9
49
186
162
156
185
1
160
62
150
158
42
142
80
160
139
31
179
190
131
115
131
178
50
188
19
76
151
63
13
158
185
71
66
116
88
168
178
82
89
84
121
103
96
83
180
192
2
161
117
86
93
113
8
86
107
63
76
105
192
131
170
86
142
13
157
102
33
105
99
173
136
26
178
26
8
116
148
62
49
193
49
155
51
166
68
129
43
117
181
75
18
97
79
62
118
186
123
47
177
3
85
175
18
132
101
164
37
35
190
91
185
111
132
175
149
89
61
60
150
69
56
4
55
156
105
172
77
168
112
129
16
109
94
29
21
159
129
197
63
182
17
143
65
135
190
59
33
54
46
10
43
62
15
9
110
22
19
124
166
161
130
77
121
17
82
151
109
59
23
168
18
27
139
189
160
15
115
92
197
63
86
67
170
97
85
73
148
66
108
93
95
78
7
52
45
96
108
86
6
16
177
195
151
193
180
18
187
191
51
33
137
160
21
41
43
166
51
129
29
187
67
4
172
157
180
128
171
179
88
18
82
119
184
118
7
187
196
145
96
196
30
29
96
126
115
102
80
151
149
56
51
88
165
190
9
61
1
61
83
88
34
118
30
65
172
199
72
7
24
35
65
7
72
166
120
155
180
153
20
126
145
64
109
47
149
81
141
36
67
141
150
52
45
155
161
62
100
175
31
200
147
195
188
20
42
7
93
66
156
7
35
123
12
41
108
134
9
35
121
186
13
122
130
47
105
24
117
94
177
148
68
131
197
62
109
84
64
187
41
173
184
150
184
60
104
170
77
83
158
195
26
67
117
199
15
165
152
9
85
160
29
28
44
4
51
150
93
36
90
129
139
142
85
25
150
153
174
112
23
143
141
22
105
186
104
179
185
180
9
10
152
197
65
14
200
128
64
117
30
72
155
66
60
83
92
198
173
97
11
40
91
56
158
58
2
38
12
9
165
175
175
79
153
32
57
60
134
74
85
84
103
99
188
6
22
120
188
198
127
84
38
193
87
176
118
72
53
126
129
137
92
143
51
73
92
146
62
156
96
110
153
58
18
87
186
15
69
96
78
108
115
183
59
40
153
109
44
56
37
154
124
17
99
184
75
6
125
179
139
163
164
54
197
148
83
135
98
35
72
25
138
174
120
45
131
192
67
22
163
112
113
19
92
111
144
52
56
20
157
117
140
83
125
109
7
123
129
125
147
20
57
73
123
35
182
118
14
50
142
106
33
112
31
50
136
59
15
136
107
145
78
71
31
122
99
132
110
110
189
106
180
9
185
49
12
85
184
173
33
98
108
20
16
126
66
149
180
107
109
154
18
96
44
190
107
109
115
127
165
190
160
105
175
144
136
52
166
84
182
99
17
144
64
101
117
80
15
182
163
150
133
61
99
193
25
54
187
76
62
168
19
35
197
154
117
137
32
191
192
106
70
141
120
184
82
166
140
112
197
170
195
191
131
45
68
104
137
35
116
136
162
133
49
41
107
52
51
136
106
148
47
105
69
145
61
187
172
112
147
110
42
191
68
37
89
183
102
100
91
70
123
171
127
93
162
145
122
43
124
72
81
62
114
118
15
71
96
106
3
21
52
36
178
62
130
183
96
10
184
21
32
20
151
154
121
189
158
181
44
53
82
91
78
7
137
177
104
172
52
38
153
21
152
103
54
47
196
134
72
131
57
94
147
128
93
32
191
158
198
195
84
142
12
148
129
31
95
142
21
180
108
134
182
39
24
65
181
77
133
179
9
19
148
16
175
101
144
139
159
49
159
93
12
199
16
57
39
186
81
83
139
66
105
55
28
28
160
151
116
36
18
17
157
15
27
143
73
144
182
96
8
91
177
45
33
86
182
92
181
167
131
107
176
181
35
196
55
152
72
10
141
34
59
29
38
46
67
34
36
195
19
59
114
113
195
121
155
86
103
130
116
73
166
128
99
58
130
142
108
95
187
130
130
132
56
105
118
135
26
68
48
81
113
149
191
60
153
181
186
117
2
8
82
37
183
181
113
197
142
88
30
99
122
94
113
198
143
82
83
135
111
59
199
28
15
23
185
54
122
4
126
141
168
28
193
47
28
122
181
105
46
68
172
45
69
71
177
20
131
75
159
137
97
65
8
136
14
181
162
111
27
180
54
91
99
89
117
195
59
92
160
95
191
61
168
90
123
123
137
34
115
81
188
7
141
73
130
121
146
126
32
123
62
157
172
112
196
149
78
141
182
36
148
131
189
71
132
102
18
6
166
67
69
95
155
121
123
169
67
38
59
96
191
28
59
174
54
20
155
109
79
110
199
11
15
76
74
120
24
104
98
65
66
40
133
167
3
181
189
13
108
69
143
37
169
160
191
145
199
35
73
49
148
136
162
172
50
111
70
119
112
41
89
88
60
114
168
73
77
77
118
79
197
105
67
106
111
70
170
64
176
41
71
165
89
77
14
103
18
105
124
86
43
12
5
196
59
193
167
3
120
184
120
8
120
100
106
124
111
39
153
104
147
144
109
80
151
131
55
140
1
146
39
127
83
159
171
85
175
148
95
137
113
113
129
143
24
90
114
171
21
49
14
35
25
124
85
159
78
149
39
67
104
24
146
152
12
97
24
61
184
183
121
171
37
94
121
126
14
198
3
18
138
21
73
3
185
178
119
111
38
170
119
59
51
173
79
122
35
19
49
177
65
168
179
81
51
33
27
41
80
53
122
19
196
119
83
82
132
138
47
144
148
4
147
149
106
68
107
21
83
179
154
33
74
118
200
198
118
132
88
33
107
89
82
147
123
184
110
168
85
135
187
95
147
114
30
105
30
57
112
86
132
57
6
148
89
78
183
102
1
120
5
33
160
121
4
69
189
43
9
102
114
50
47
112
14
98
140
127
44
182
25
141
60
109
161
29
167
66
125
88
170
107
198
176
128
120
16
173
165
62
36
115
119
116
96
107
129
147
28
134
136
84
2
92
95
39
197
5
197
162
200
4
163
125
54
90
75
132
172
26
52
130
45
9
171
103
171
149
79
28
77
21
118
87
19
8
27
186
59
10
36
77
8
181
188
10
160
44
46
36
182
19
2
169
28
138
85
99
102
48
151
137
48
43
54
58
19
142
20
140
49
88
100
147
68
15
91
79
48
104
167
109
49
66
143
160
196
162
123
19
57
29
22
1
73
124
55
49
1
174
75
182
4
95
128
176
170
68
85
88
147
172
193
12
196
72
141
183
172
159
164
101
95
178
6
183
5
163
194
120
75
146
142
117
57
33
106
57
149
158
187
66
147
143
3
7
46
175
52
40
175
4
7
187
51
111
137
11
1
43
109
45
80
164
11
164
16
118
45
134
58
37
187
75
69
51
138
176
72
128
38
31
52
49
111
21
90
154
161
150
2
134
66
16
185
53
165
51
186
177
122
140
69
133
44
77
115
107
147
54
38
7
50
41
100
95
85
119
47
103
185
172
81
128
31
33
53
124
113
188
87
147
103
115
101
167
47
176
155
91
65
79
114
61
126
14
28
167
157
140
71
135
193
176
127
12
160
148
188
82
47
120
54
145
121
128
189
147
166
189
164
189
21
24
29
138
78
139
116
2
90
117
49
37
124
12
106
57
10
139
105
194
88
110
1
81
55
58
198
152
184
104
16
66
65
97
48
24
190
179
98
21
82
109
195
121
146
143
105
33
71
47
20
31
86
185
140
151
185
47
105
9
183
155
137
169
31
42
158
149
18
159
94
22
86
76
164
74
167
1
168
126
186
68
192
12
49
46
177
141
63
144
8
149
73
95
139
57
98
105
79
187
11
71
193
108
100
27
196
161
179
68
184
23
146
117
28
70
137
57
182
1
114
69
84
165
39
70
171
23
28
123
114
193
81
129
98
196
73
153
51
12
79
162
14
64
55
104
192
79
91
152
86
30
156
93
106
93
135
68
119
101
113
179
98
117
105
82
112
156
176
160
112
56
124
14
120
115
54
165
127
170
146
126
190
163
66
161
25
155
107
124
185
49
121
91
152
182
93
117
16
60
60
103
175
1
159
9
181
107
26
84
96
23
132
22
41
91
168
44
38
10
11
152
58
51
191
56
137
80
90
178
157
98
160
165
185
93
128
147
174
1
45
31
24
178
77
129
137
9
140
146
173
53
86
133
118
157
108
1
85
92
18
171
151
4
44
88
50
49
103
18
108
186
170
199
68
193
169
156
92
13
49
64
92
118
109
100
77
106
74
95
176
111
7
66
159
90
81
136
123
81
33
36
117
105
33
136
13
64
131
37
86
147
136
130
190
157
20
10
28
200
133
185
145
46
96
13
159
15
138
62
51
161
5
149
83
177
176
3
40
173
53
117
155
140
28
51
55
182
9
93
81
158
189
32
5
157
101
36
170
125
23
120
47
133
178
74
165
76
17
3
153
29
63
150
198
195
106
2
21
121
189
73
83
69
155
112
182
112
2
9
113
132
13
7
176
65
29
158
170
179
52
8
186
50
48
131
161
118
114
196
130
126
175
95
135
24
107
48
68
108
29
89
40
28
159
169
62
156
147
98
3
36
181
19
199
148
156
125
72
8
187
153
71
70
139
21
119
109
16
36
155
124
26
154
168
141
87
35
152
13
54
69
118
27
163
95
59
6
128
35
6
9
126
140
45
28
158
141
147
64
180
159
80
32
101
133
124
7
52
131
137
159
81
17
140
87
151
141
92
117
88
171
180
43
148
104
124
39
14
168
20
135
91
72
109
186
13
1
63
165
101
81
41
30
69
188
29
108
80
72
129
28
89
27
179
68
181
105
112
143
42
113
159
194
47
33
27
80
186
16
89
113
87
94
197
65
158
72
118
121
68
29
20
132
92
123
164
64
57
89
40
37
62
97
26
2
82
154
169
166
13
175
98
80
199
186
79
122
58
141
129
172
22
143
189
52
113
8
193
91
86
184
91
78
107
61
170
81
20
11
2
146
189
152
198
58
90
189
103
117
62
29
44
167
165
150
56
78
143
105
3
178
104
145
30
105
116
38
61
167
121
4
180
108
82
40
45
52
47
9
181
160
31
10
30
71
7
67
93
2
10
55
82
34
163
180
50
114
118
178
87
38
30
196
116
96
89
74
137
43
111
189
55
87
130
24
175
128
41
45
177
77
115
93
34
7
96
15
127
7
164
40
166
142
50
20
4
78
156
68
80
85
138
55
151
60
99
102
187
185
32
47
65
187
83
126
64
175
89
189
148
154
66
78
187
53
29
178
22
105
130
109
143
26
57
78
176
163
156
185
98
98
173
51
154
158
56
119
83
24
181
113
62
142
32
14
133
149
48
122
10
134
133
157
46
46
8
89
132
97
172
13
126
119
150
85
34
128
19
68
113
175
153
146
53
42
97
175
159
47
31
49
34
25
195
97
173
2
176
189
47
152
113
28
23
110
134
93
28
47
1
101
155
124
97
111
94
200
135
171
50
72
133
167
198
185
31
175
136
55
146
88
101
74
103
122
117
176
173
48
132
119
138
1
123
163
48
27
45
147
62
7
147
187
95
72
147
176
48
54
191
44
3
157
102
58
107
117
1
62
127
151
34
200
54
49
108
182
4
155
139
18
175
56
63
83
69
177
110
187
138
11
57
83
70
50
69
193
27
114
66
181
63
189
116
38
169
12
92
33
48
197
143
44
73
43
171
189
180
72
173
121
174
155
71
181
165
33
36
168
141
19
177
61
40
169
174
162
62
89
60
104
181
159
101
53
132
158
57
192
181
44
151
180
88
127
60
27
39
7
149
124
17
1
56
171
22
185
79
62
132
1
41
85
195
139
82
136
99
184
27
169
91
67
23
100
74
162
80
55
159
84
180
196
92
151
43
146
23
168
161
158
36
173
30
50
158
157
162
66
166
155
69
158
163
78
114
87
76
87
7
79
6
164
5
60
32
38
168
43
45
43
130
61
63
121
176
114
152
136
71
37
119
129
148
68
176
98
10
94
137
59
178
66
110
55
124
4
43
170
116
165
199
124
161
66
2
50
179
163
17
102
171
164
25
90
122
87
179
47
175
105
78
89
47
180
27
157
6
4
41
192
113
38
37
17
139
28
50
60
79
121
139
12
150
141
11
192
149
14
40
37
89
54
33
61
85
112
80
95
117
187
154
23
72
113
135
133
192
11
38
50
172
140
128
131
114
123
48
114
14
175
35
172
133
66
113
36
194
31
24
152
102
83
93
146
167
77
170
137
51
67
162
188
51
168
174
76
102
168
42
75
87
195
132
13
199
134
50
148
189
102
180
110
47
130
74
119
196
4
142
38
93
4
8
23
95
112
31
148
193
77
95
138
88
98
168
60
194
177
114
117
107
61
104
70
191
52
120
91
163
129
19
165
80
106
139
142
117
73
156
2
160
171
61
9
35
121
170
8
109
180
37
104
115
32
67
62
165
137
157
91
34
34
15
55
10
11
81
86
1
125
28
134
76
32
179
48
50
44
115
50
103
9
45
19
158
64
58
53
149
30
95
195
78
11
58
17
44
8
42
167
63
193
91
90
146
155
163
78
168
50
127
94
179
194
55
23
129
116
44
142
39
127
14
4
50
173
93
18
114
36
23
116
197
154
77
18
73
113
181
163
38
56
77
150
195
147
163
73
125
77
168
18
155
25
126
179
138
23
82
53
173
126
82
25
100
178
142
85
33
82
26
189
178
57
100
92
183
107
55
72
66
12
4
100
69
85
102
158
187
21
50
21
5
190
131
10
164
183
36
10
132
2
96
132
182
3
8
129
68
152
157
23
175
46
187
66
112
91
182
130
85
100
3
84
6
12
76
42
119
57
10
97
59
114
188
184
96
144
83
88
164
130
86
57
184
175
77
78
32
124
76
190
195
24
169
133
168
182
125
111
67
32
21
51
53
72
59
114
196
117
2
142
38
65
119
27
108
138
153
56
159
178
37
96
46
35
164
117
13
66
116
88
200
167
158
17
169
190
190
66
62
115
175
32
35
157
130
126
115
81
17
82
145
174
97
2
175
194
2
124
194
57
67
116
144
151
82
181
125
195
86
113
27
159
81
158
99
69
61
33
67
122
10
188
93
110
186
48
101
27
83
144
80
130
36
166
125
118
33
197
192
125
140
61
104
10
108
191
175
3
170
98
8
82
163
44
157
157
36
4
3
84
147
101
172
10
103
20
192
68
28
14
69
174
188
108
60
93
112
102
121
89
91
18
130
24
182
48
130
89
188
22
53
26
95
155
125
133
159
67
57
36
68
97
14
105
24
78
111
183
47
127
131
87
8
66
64
24
100
74
182
28
90
105
197
191
9
156
81
67
107
18
123
25
54
81
84
72
191
79
187
175
6
16
166
187
110
151
86
5
62
14
121
111
175
94
120
159
169
112
164
100
198
82
149
1
64
23
136
51
105
114
142
2
141
138
158
155
93
109
182
21
161
30
198
136
33
56
44
126
17
98
154
165
168
179
92
94
65
42
109
7
22
96
164
159
34
145
28
21
18
11
117
141
106
8
199
143
150
13
63
63
7
27
162
95
106
141
23
189
195
200
59
85
164
12
30
171
113
6
138
112
170
176
115
38
95
95
109
105
137
104
102
17
128
54
121
120
9
134
199
90
156
157
118
1
13
133
118
128
64
85
194
172
185
55
102
73
114
161
185
161
10
34
27
18
196
15
94
125
95
179
114
67
97
139
19
118
54
78
97
92
4
162
50
146
6
200
182
174
37
43
120
188
115
97
89
191
132
21
32
93
118
104
100
53
22
28
173
134
73
129
189
87
182
118
91
145
105
25
64
180
82
128
119
110
28
104
64
175
99
119
106
155
28
136
134
128
15
135
107
102
107
83
108
102
148
46
115
64
183
174
35
86
102
103
165
194
51
115
168
103
22
143
73
5
47
142
69
167
124
60
190
119
63
155
169
26
200
157
24
180
24
150
36
12
41
76
66
58
102
128
129
72
179
117
16
69
194
123
118
131
17
171
70
110
67
98
140
155
143
13
85
111
134
67
48
173
111
107
190
164
3
127
192
150
179
188
111
160
34
67
94
133
133
95
63
151
17
47
4
138
41
59
166
21
171
96
194
129
67
44
155
16
4
145
100
118
113
16
160
73
65
192
189
160
48
37
20
12
35
69
189
156
180
145
7
152
76
32
53
20
70
28
12
14
163
161
98
80
138
154
139
67
158
112
104
87
112
21
84
42
96
174
164
30
102
62
151
42
63
161
33
109
150
139
9
101
102
146
138
98
93
56
48
130
133
29
52
18
191
156
166
183
50
167
49
45
109
84
62
131
74
120
188
1
65
73
22
45
20
190
153
132
151
152
69
9
137
36
109
27
13
83
101
160
76
98
193
133
73
20
95
151
200
186
161
53
136
46
129
148
5
129
119
44
179
194
123
46
54
36
122
88
120
25
46
54
1
33
43
39
141
107
159
53
79
4
99
189
200
50
138
82
151
93
99
60
30
65
168
148
117
16
134
189
126
5
194
86
159
135
146
115
166
1
151
196
61
21
41
46
139
109
73
67
99
196
180
55
67
4
156
9
189
44
74
79
156
43
88
182
52
173
70
160
143
65
158
159
33
190
136
49
168
162
115
48
150
164
33
159
139
15
80
188
41
74
6
97
85
199
45
119
42
83
148
64
55
59
150
124
128
99
72
108
152
191
190
193
184
176
56
98
47
72
48
26
76
152
146
178
117
23
159
171
198
170
121
150
114
156
16
2
31
171
30
46
163
196
147
99
85
136
31
136
173
186
178
198
52
113
178
76
75
109
147
154
15
54
169
17
77
112
10
56
122
119
165
129
121
12
65
163
196
131
89
127
54
95
131
2
39
168
69
119
146
130
163
8
164
63
180
74
194
97
16
188
25
26
104
50
23
29
144
124
84
101
118
27
86
92
177
14
148
2
128
89
29
51
36
12
190
154
63
179
182
79
39
144
174
90
125
78
93
98
73
129
136
132
167
198
40
31
45
66
133
2
60
144
29
36
11
137
46
189
191
56
34
141
76
126
4
34
48
91
142
17
3
70
74
61
155
86
60
2
129
148
5
126
200
55
146
12
48
111
178
4
143
8
155
52
65
99
119
176
46
163
51
34
148
93
150
179
36
17
126
88
35
77
58
169
69
72
37
151
109
64
41
79
24
12
163
10
27
174
27
165
130
27
10
196
171
43
50
174
45
7
173
48
122
117
132
32
128
52
167
194
189
139
108
169
73
143
42
64
6
128
52
156
180
186
102
33
29
67
88
155
62
71
97
111
153
62
92
158
107
79
65
79
141
196
125
4
65
184
15
99
78
192
78
154
49
78
199
154
172
7
38
6
10
130
66
15
121
49
83
151
67
83
196
96
136
36
133
40
97
57
161
141
139
126
145
156
62
169
42
174
138
18
69
197
80
82
198
19
3
67
97
4
111
188
109
188
166
85
63
191
158
186
102
8
157
86
185
80
190
57
116
79
85
113
68
62
152
180
196
89
193
13
164
19
13
141
87
136
198
30
52
113
106
150
117
85
61
27
20
48
43
114
118
127
77
71
189
182
140
192
158
125
144
103
66
21
185
