200
4500
59
130
132
87
69
197
75
170
105
79
173
39
167
104
101
78
1
110
73
71
55
99
12
39
85
77
12
82
196
92
151
75
105
114
76
93
20
152
118
34
73
16
196
122
80
97
129
79
87
183
148
108
138
13
9
16
43
142
5
66
58
128
164
47
74
25
20
83
169
76
181
66
90
9
24
153
98
160
134
37
149
106
157
23
69
188
198
114
184
149
187
188
66
132
76
71
195
149
47
96
145
191
197
151
109
183
79
69
183
112
80
120
189
159
76
75
145
121
110
191
173
23
22
104
53
56
40
28
45
82
79
145
21
87
97
113
124
139
197
79
169
120
69
74
38
73
151
35
68
62
60
5
120
158
152
120
187
37
180
183
53
33
91
163
55
142
192
69
64
27
27
130
57
52
148
190
149
161
66
112
180
82
165
151
168
61
129
19
110
136
140
176
128
154
82
110
101
118
48
180
121
170
107
153
62
38
108
63
170
145
54
109
134
94
192
174
141
146
74
188
97
26
101
133
1
23
81
130
170
40
154
184
147
121
136
183
9
9
22
11
187
19
130
155
96
199
197
121
36
58
102
185
39
128
55
44
122
54
158
173
134
1
115
161
47
132
157
149
40
108
111
34
186
3
14
78
64
90
31
51
25
85
187
41
10
103
130
47
153
184
116
79
99
109
179
30
75
154
62
115
130
179
133
98
11
126
112
30
84
147
184
182
154
134
103
76
180
76
27
25
84
20
107
36
129
82
142
163
31
82
41
127
137
164
70
142
148
155
33
175
15
158
106
22
147
125
121
15
34
185
32
116
20
174
62
35
7
59
12
64
36
19
159
152
111
56
26
163
94
80
186
15
161
36
45
166
34
50
114
112
63
103
72
143
66
32
77
107
78
181
59
46
187
77
172
71
197
35
33
194
156
88
95
114
107
21
198
173
173
92
11
180
186
186
75
123
150
137
133
51
91
62
55
148
173
188
45
5
172
197
162
20
108
78
161
84
132
43
197
32
89
97
145
148
7
161
85
55
97
54
92
188
85
134
109
47
49
48
160
58
77
14
110
191
59
120
182
113
70
9
48
99
82
173
158
187
185
158
87
131
182
164
129
116
40
178
46
122
9
187
91
70
16
189
109
158
190
142
177
153
144
47
112
121
80
100
98
90
120
140
179
159
179
161
98
13
34
199
168
198
198
102
89
88
159
86
176
133
110
77
30
91
94
3
22
47
142
108
157
92
167
28
80
93
3
23
187
176
171
70
197
182
188
131
76
177
103
29
110
148
22
40
84
200
104
112
133
33
12
200
179
172
40
130
110
26
80
80
56
100
196
23
91
106
35
164
147
70
82
37
73
140
124
30
129
180
98
161
133
73
153
62
87
38
119
47
93
91
135
174
154
183
192
105
73
107
109
121
93
152
29
11
133
159
120
115
160
150
9
66
171
185
163
138
103
68
105
174
120
7
153
22
53
41
86
81
58
5
90
109
53
36
145
79
73
10
105
175
128
142
109
22
74
32
161
180
14
30
150
164
21
96
89
94
126
119
155
68
26
53
86
75
99
15
115
165
71
18
42
26
53
115
189
102
155
110
100
149
160
116
69
72
131
145
96
15
154
62
129
117
13
100
139
96
114
30
73
89
96
192
64
134
75
147
97
131
199
27
191
172
119
82
63
63
197
56
51
124
7
31
168
94
13
100
56
28
162
59
121
35
115
61
195
190
80
89
85
52
83
197
109
193
138
170
79
145
85
121
195
34
174
179
57
184
177
126
142
151
87
77
107
121
37
148
141
72
78
16
123
76
166
89
189
98
197
194
184
127
140
111
50
115
52
74
91
136
190
48
185
68
140
163
195
73
19
75
90
170
81
1
111
29
130
119
77
101
73
103
170
124
149
31
33
25
193
48
14
52
52
62
153
93
141
50
159
154
106
99
134
48
163
72
144
42
11
70
102
45
136
40
72
196
97
143
169
27
23
198
184
168
52
196
74
138
125
102
153
139
67
166
146
186
1
176
52
156
69
165
145
77
160
183
173
78
24
133
135
32
191
20
180
77
175
141
162
189
171
87
69
2
93
23
132
139
105
176
20
94
24
157
49
165
68
88
50
89
114
169
20
19
49
39
5
121
157
177
167
183
151
5
82
70
169
191
134
12
60
55
80
192
128
27
96
162
149
162
100
90
181
119
80
58
93
178
188
134
89
180
138
62
56
100
101
51
86
145
98
172
173
9
170
54
26
116
38
57
19
49
40
83
63
160
40
6
182
97
33
20
180
107
193
44
30
133
198
191
135
12
49
104
130
141
171
164
159
148
89
165
87
11
8
25
137
68
5
124
98
193
37
176
117
187
181
188
13
148
72
63
151
12
15
188
160
121
6
79
1
64
127
130
188
32
163
170
24
26
21
12
46
23
125
32
139
200
54
163
114
188
46
140
88
142
168
58
133
59
82
123
124
47
188
85
190
6
55
139
13
131
147
63
22
80
28
119
45
149
69
188
178
140
120
71
188
62
88
166
31
83
40
141
79
75
15
136
118
32
78
31
142
48
73
101
41
41
32
181
118
177
64
149
110
133
26
137
67
89
89
99
138
1
127
168
127
80
119
141
149
134
189
32
69
152
31
161
157
122
193
8
58
185
186
32
190
125
134
166
164
167
123
7
83
38
79
133
106
41
142
4
173
139
87
61
111
13
90
85
174
159
114
160
78
113
197
113
159
114
12
28
122
71
12
152
22
129
10
113
112
196
169
29
109
126
106
135
37
45
146
56
16
197
30
191
156
20
53
112
196
169
114
23
59
11
104
74
75
41
107
97
33
97
103
87
159
2
63
50
87
41
82
68
26
89
94
95
124
97
154
173
171
165
167
99
140
184
157
96
107
91
184
76
121
191
60
126
190
43
154
134
48
183
9
22
116
148
53
25
90
123
49
123
42
98
171
117
172
175
121
140
95
53
16
52
75
45
4
11
52
155
97
82
115
13
174
90
87
74
44
107
154
32
24
128
123
37
115
146
151
32
37
80
49
108
25
191
197
124
179
125
150
29
107
176
154
160
2
157
14
168
9
104
186
131
28
114
144
157
72
18
187
63
9
157
28
174
63
154
132
81
130
50
140
55
127
81
10
84
70
68
122
180
200
188
44
117
158
177
197
133
184
23
162
148
118
160
98
21
194
123
68
100
130
87
168
8
83
132
112
130
131
147
67
19
133
165
81
54
161
132
106
25
85
60
129
114
93
38
59
158
65
46
53
41
121
25
198
161
116
7
130
68
55
17
11
154
172
21
131
119
95
184
17
15
109
62
154
45
160
116
143
125
150
61
17
119
173
45
101
186
84
114
145
169
178
75
99
140
104
66
168
194
190
35
45
10
109
7
70
116
119
70
53
160
130
57
77
143
59
116
101
185
40
67
146
160
200
129
193
36
161
163
137
60
59
179
118
31
2
71
193
76
25
9
3
93
158
181
64
38
16
51
84
101
35
54
93
176
21
14
87
115
34
123
47
184
139
65
23
149
7
80
141
18
174
16
189
165
153
163
20
76
66
37
60
126
27
39
85
5
100
108
111
175
179
186
5
89
185
34
183
119
41
191
152
104
58
132
83
131
109
131
165
155
176
4
87
171
23
86
88
172
179
94
150
87
9
11
160
107
25
106
102
181
122
66
69
134
146
153
144
200
122
184
24
192
6
57
135
84
115
98
21
46
43
67
81
1
200
50
11
41
56
69
23
134
155
7
95
180
35
75
141
34
117
145
164
64
10
122
59
63
2
173
36
104
158
140
198
112
174
22
24
181
113
43
1
30
180
114
142
71
63
146
161
84
59
16
113
128
174
86
121
103
134
125
155
116
51
151
194
28
137
48
12
184
184
139
24
124
2
47
163
83
11
93
192
51
50
55
57
47
130
198
196
157
71
93
2
10
187
146
129
180
184
195
190
200
133
45
29
162
158
81
104
185
149
173
199
62
27
73
27
180
53
84
47
178
123
172
125
10
148
83
135
91
30
51
157
19
109
46
175
110
11
196
108
179
133
109
139
118
94
23
194
180
45
125
142
162
122
81
173
135
194
70
167
64
120
157
66
156
92
85
27
131
178
90
135
78
46
70
68
189
57
105
100
199
63
159
62
145
130
144
123
139
159
19
191
106
58
189
30
108
49
141
153
76
178
164
17
148
32
80
82
42
84
108
179
105
134
43
30
77
139
62
110
116
105
186
169
41
116
14
195
174
111
1
1
119
173
174
35
190
163
133
102
134
43
111
25
133
134
159
60
41
66
71
128
86
181
66
16
35
189
3
88
184
57
71
74
143
36
74
36
171
22
174
180
95
83
9
160
2
191
189
142
8
147
92
157
27
176
131
103
185
190
146
90
184
168
187
178
21
180
185
112
124
144
49
30
61
199
172
164
155
2
121
44
42
12
93
146
5
59
33
199
13
20
82
13
54
99
194
89
109
197
14
119
177
138
71
46
136
101
133
130
135
154
140
31
134
126
178
21
129
26
62
181
70
189
149
130
145
150
63
114
183
92
8
116
66
121
119
151
185
118
58
196
144
111
63
73
124
55
175
43
88
127
57
47
196
79
156
22
115
129
173
180
141
29
92
79
53
152
123
9
120
190
171
31
130
64
13
134
189
26
29
120
65
42
56
19
195
56
87
39
29
88
159
131
91
117
5
34
192
116
138
6
60
148
163
49
156
30
80
37
171
166
53
7
118
74
92
132
19
18
154
83
88
100
109
190
86
113
12
181
69
15
35
171
82
138
148
71
72
75
41
30
14
196
9
15
117
52
192
74
128
145
102
135
40
23
79
111
40
46
3
78
40
148
179
167
142
112
90
92
188
162
176
104
21
95
71
1
74
146
50
9
83
133
17
171
181
143
195
59
92
5
48
18
171
111
138
189
199
91
137
183
5
186
32
27
108
11
48
193
165
102
79
31
198
134
141
42
156
77
11
28
159
40
154
134
147
110
34
12
200
64
89
95
176
149
82
171
50
47
168
143
108
89
92
93
36
64
150
57
103
184
2
63
101
167
171
129
17
76
146
24
163
132
65
136
91
29
128
53
171
74
87
16
46
98
84
29
193
14
124
30
179
122
53
29
126
78
130
4
128
65
193
131
89
85
144
115
72
195
72
62
49
66
1
177
153
2
97
179
13
159
9
90
154
175
101
64
130
131
91
144
68
156
104
186
34
105
136
41
179
64
125
70
6
43
58
90
10
118
84
121
69
111
143
137
64
124
189
158
124
106
32
118
10
175
125
104
1
36
123
103
120
183
194
112
105
146
117
62
139
33
77
48
98
30
80
128
55
196
111
30
101
71
187
22
62
76
36
199
17
134
100
78
21
200
73
100
72
37
4
193
43
132
96
44
1
103
37
145
96
40
184
87
102
66
11
35
125
88
18
197
190
113
77
42
175
132
85
103
178
111
2
14
94
55
117
198
167
4
182
66
102
142
165
105
152
92
156
146
78
182
29
193
50
71
152
101
18
5
83
46
132
42
135
87
50
3
88
134
186
152
64
52
120
17
47
128
32
147
146
149
63
188
117
200
79
185
56
6
52
39
185
169
187
57
114
88
101
194
48
196
9
127
186
64
74
157
29
125
133
122
55
138
123
184
22
102
97
140
56
44
40
117
70
101
76
138
146
68
140
28
89
155
188
154
94
73
3
117
21
86
11
100
6
175
68
159
169
132
86
73
168
78
34
3
96
88
105
150
149
36
187
103
15
132
127
147
33
17
24
90
20
74
39
52
5
181
10
157
55
200
110
89
108
197
114
150
16
51
24
99
52
46
65
106
93
39
92
83
157
80
163
91
110
161
142
26
11
26
65
194
97
200
73
64
71
23
129
74
84
19
126
29
79
85
158
48
98
22
11
101
122
192
31
182
67
89
31
56
36
104
162
28
103
76
92
29
181
13
1
189
45
23
47
106
192
16
160
197
5
8
167
198
65
9
15
92
8
193
79
53
107
83
17
198
77
148
123
38
29
130
169
67
15
49
161
194
52
105
169
84
81
200
72
162
160
166
22
102
190
114
174
173
68
82
34
41
156
78
35
158
167
171
79
75
156
142
142
193
167
67
98
101
7
120
9
123
7
115
99
151
31
36
179
18
66
191
164
41
100
117
140
136
136
155
71
109
106
182
30
69
155
13
149
116
94
94
82
13
107
42
87
130
196
194
151
94
103
185
21
58
51
8
68
152
70
85
108
1
56
163
124
17
79
96
40
110
87
117
111
80
96
141
191
103
18
115
50
53
197
137
144
33
162
88
30
166
124
102
149
89
3
190
19
90
119
159
131
49
42
61
161
60
6
100
184
18
67
151
185
102
34
9
161
168
59
45
87
4
27
4
81
122
58
20
127
161
183
33
103
116
7
136
95
115
121
15
139
33
145
134
31
83
47
119
27
81
132
192
139
13
59
37
137
129
34
18
70
114
139
84
90
75
96
46
111
141
149
67
87
122
177
88
56
178
86
65
139
69
170
12
118
24
15
197
78
89
87
98
58
137
104
57
135
140
4
69
147
74
77
161
67
5
84
32
37
44
82
117
194
53
4
42
52
176
23
89
110
103
200
84
14
68
150
183
9
55
161
82
2
162
11
164
175
46
19
88
34
85
45
145
62
72
174
165
188
113
45
164
49
93
100
190
74
11
14
106
189
97
183
62
160
106
56
78
119
153
152
167
25
52
83
4
21
31
180
145
24
63
98
193
52
143
117
46
103
146
177
200
103
164
87
163
114
27
73
54
154
162
61
129
145
156
70
20
133
189
173
82
124
193
135
160
130
155
192
144
192
82
22
161
121
7
49
50
141
28
191
3
17
172
154
46
30
70
58
97
193
94
14
108
98
46
53
148
194
143
172
98
89
48
159
135
200
81
156
178
105
200
101
101
92
50
37
164
61
122
81
13
179
151
121
73
142
14
154
165
94
13
143
20
46
46
80
29
13
5
143
107
116
28
112
56
176
4
128
83
158
107
67
9
37
159
167
152
63
185
52
62
120
196
190
72
101
140
125
70
137
189
104
32
62
6
43
38
110
122
187
159
12
40
114
24
93
2
138
55
144
139
129
120
35
55
141
134
17
45
172
185
50
83
148
64
120
176
69
84
77
149
136
57
144
9
193
33
84
199
78
188
177
155
190
104
77
180
31
18
4
101
181
164
131
150
53
148
126
21
141
157
18
16
127
176
39
145
11
188
11
7
158
64
117
174
21
11
112
177
109
189
98
166
79
67
33
37
103
106
61
127
50
180
67
1
179
103
63
94
133
97
64
105
83
143
51
133
123
56
23
127
101
199
66
180
29
13
189
87
116
40
183
39
146
160
104
142
152
90
73
11
98
55
8
77
32
117
1
67
117
25
101
142
70
51
39
77
18
121
65
104
5
172
60
117
151
181
183
26
195
172
54
65
86
10
141
23
28
3
148
82
133
35
103
73
155
148
92
45
54
180
97
196
102
90
17
172
1
171
182
28
105
75
76
173
115
33
101
90
180
194
100
3
1
23
92
131
192
190
114
54
133
27
175
41
5
9
81
104
110
132
31
145
69
133
175
51
122
63
19
149
152
185
90
108
34
91
65
130
89
97
60
86
76
5
148
121
112
146
166
185
58
73
187
26
163
169
143
87
67
156
115
162
32
52
45
171
22
8
195
112
29
100
47
86
40
78
90
6
100
160
89
137
84
198
31
67
137
49
121
81
141
69
171
1
35
134
130
164
111
196
30
68
108
3
130
107
136
40
35
180
63
188
142
90
56
163
44
110
87
46
166
10
79
89
42
20
29
163
153
137
91
162
81
135
134
133
96
70
97
86
103
71
60
163
17
166
165
113
169
198
123
187
72
5
200
157
94
36
99
153
185
178
150
116
148
40
83
140
131
181
156
40
88
16
101
81
139
6
173
16
112
96
96
32
192
138
110
161
109
7
99
96
42
8
193
110
27
67
5
28
143
67
62
105
154
2
76
149
75
185
50
23
115
73
165
5
11
109
1
173
127
19
116
22
45
148
155
22
19
90
42
95
49
102
72
131
76
87
148
4
198
25
28
167
130
5
122
63
125
75
135
55
109
13
24
193
45
46
130
55
30
59
6
154
170
195
71
121
156
156
72
129
58
7
179
133
168
111
9
30
25
104
17
94
117
60
37
114
146
91
18
70
154
46
48
168
178
8
79
46
157
194
81
68
109
14
1
64
86
182
39
100
78
89
141
14
100
82
61
83
116
70
25
91
14
189
58
118
167
71
173
183
177
139
12
70
43
40
111
73
199
135
164
112
70
1
57
24
22
62
94
192
132
155
63
197
179
61
9
23
146
72
121
25
173
18
155
42
3
153
129
58
88
105
44
160
110
127
68
97
3
138
101
136
68
19
70
23
103
114
68
123
43
85
95
153
72
6
158
26
123
28
131
73
119
170
65
127
153
85
114
127
16
105
193
15
99
194
138
65
48
17
67
154
87
196
129
27
49
113
183
77
171
145
6
184
176
39
72
157
15
67
94
185
181
129
44
183
116
119
126
85
112
161
16
7
40
59
124
157
118
142
29
144
105
199
54
146
124
85
77
34
137
100
95
97
130
87
150
88
75
18
197
31
168
13
76
142
152
117
186
132
66
80
74
129
112
141
122
162
179
151
172
199
152
85
180
24
84
132
163
168
164
183
70
163
177
159
49
169
9
75
137
137
155
48
35
43
25
65
53
159
150
5
181
77
141
128
13
179
152
18
14
114
86
79
83
63
102
41
66
139
176
69
93
191
167
64
30
88
152
76
128
110
123
105
42
60
88
98
88
93
179
23
82
200
83
67
120
41
54
35
165
27
193
197
101
66
157
107
117
89
194
13
12
196
123
146
135
16
150
46
175
79
33
73
153
29
83
149
199
140
198
49
200
22
187
70
48
161
161
145
137
52
4
37
92
156
5
138
4
185
153
90
81
195
165
115
48
140
7
173
80
95
39
132
38
92
178
68
115
123
175
158
28
71
129
24
81
34
186
191
29
200
177
175
81
22
41
116
22
143
135
76
166
179
21
19
138
183
139
67
108
191
50
129
51
176
195
159
155
8
105
57
148
152
94
47
197
113
128
104
85
104
12
13
152
126
193
108
9
16
177
102
59
94
32
63
110
18
108
15
95
161
56
31
17
49
64
110
52
43
196
161
86
19
99
52
131
110
122
90
113
62
19
99
146
65
71
52
135
66
12
55
88
133
31
4
40
192
155
106
184
69
14
47
77
91
146
69
129
6
194
137
58
135
123
157
48
139
109
190
84
83
116
154
99
149
187
106
48
27
180
8
181
13
137
12
127
199
133
141
61
153
115
168
42
38
158
78
118
154
75
64
20
154
121
94
192
25
111
127
190
165
146
163
44
136
69
199
45
118
91
42
40
71
108
83
60
134
123
112
145
58
84
160
166
163
99
190
15
175
86
141
195
102
28
5
163
193
44
187
182
12
46
101
163
76
116
36
172
27
125
167
83
10
133
118
124
34
174
1
1
183
83
196
19
116
82
168
58
47
32
20
99
2
199
146
163
176
129
192
148
81
31
111
32
37
118
27
149
192
151
184
112
178
188
186
18
86
55
165
131
110
57
120
134
81
41
187
137
181
170
78
150
158
21
13
4
83
105
48
173
36
156
39
199
52
38
162
96
52
34
141
7
36
70
159
32
46
60
1
140
28
78
24
6
124
195
106
95
122
102
169
119
121
192
62
91
97
107
96
24
137
69
37
121
196
188
8
136
121
106
75
59
157
25
138
119
30
114
127
13
104
71
170
92
93
172
34
149
29
13
150
169
25
60
77
5
179
44
174
120
89
72
31
22
52
52
155
119
20
65
166
199
142
174
64
107
103
101
161
140
28
79
106
80
41
16
129
123
193
151
109
105
180
69
73
96
49
171
178
33
9
200
105
44
18
44
142
90
145
66
35
179
14
104
171
35
162
39
189
8
63
119
24
146
88
175
66
77
190
126
79
190
12
133
60
112
178
36
137
137
190
172
163
153
177
23
32
177
17
129
92
133
156
172
145
67
154
52
7
21
138
3
27
34
140
44
51
157
148
45
164
40
60
110
167
129
84
77
99
86
111
176
164
178
17
62
138
102
154
168
27
124
153
101
114
161
87
162
184
76
127
93
176
23
161
124
54
104
21
50
86
152
105
114
197
161
106
110
170
98
152
103
