200
2500
151
195
75
106
1
19
74
20
30
29
144
46
27
154
133
82
159
38
6
106
130
32
117
45
54
180
175
45
163
69
58
38
12
108
151
98
155
117
24
24
81
68
69
56
64
101
153
149
188
30
79
166
22
146
185
49
173
159
182
25
26
71
5
4
38
150
60
55
78
188
38
62
20
97
183
141
120
183
168
150
177
96
186
89
74
188
162
90
128
189
149
181
99
137
195
174
65
99
41
5
108
10
24
57
160
68
158
128
151
47
131
71
170
106
19
170
138
35
88
20
12
177
196
97
57
178
107
136
57
191
133
110
57
109
126
52
194
82
136
171
54
134
174
111
11
103
66
105
108
99
163
13
29
48
14
54
61
163
24
35
183
156
83
34
52
101
123
91
70
50
59
82
152
100
117
136
79
200
31
192
115
76
154
36
128
17
73
148
45
76
158
122
50
82
12
41
63
179
40
187
43
93
163
132
71
180
68
132
43
66
81
45
159
187
34
8
49
75
13
197
59
90
155
75
124
77
70
12
18
104
17
57
38
36
186
54
149
24
197
38
188
116
131
124
92
146
188
64
168
154
68
82
176
93
27
116
194
34
139
150
128
184
129
115
163
92
34
200
43
57
59
108
74
51
169
71
41
80
200
165
3
154
68
192
4
28
156
170
154
37
143
195
53
108
84
200
83
136
189
40
63
116
182
9
60
124
139
77
106
149
69
176
184
193
107
43
28
147
127
109
132
79
123
139
159
178
7
173
72
49
108
116
172
32
158
11
162
191
38
78
48
25
50
12
133
160
178
192
97
60
11
173
129
8
23
194
118
97
151
11
9
68
22
190
160
192
114
190
91
24
128
89
50
4
54
15
98
92
42
183
158
59
187
57
153
108
173
145
16
44
130
123
61
23
30
99
79
53
131
84
33
176
147
61
18
21
5
68
151
100
55
171
117
47
184
77
108
60
95
48
122
172
29
26
7
145
26
105
5
157
185
16
159
142
128
14
88
136
76
14
72
90
58
137
90
94
46
55
24
30
60
136
186
11
126
65
61
116
59
19
108
182
100
183
193
109
177
79
116
117
31
83
179
57
178
36
114
20
161
59
11
36
177
104
124
57
122
11
96
113
191
155
159
49
41
78
25
200
127
96
126
120
32
22
22
88
22
75
161
147
170
5
146
154
36
21
69
15
111
173
75
70
7
119
196
179
68
196
182
80
66
109
167
176
173
71
130
53
199
43
136
60
200
181
68
115
115
190
177
98
34
165
143
14
53
145
89
131
155
15
10
2
195
5
10
10
146
141
79
177
197
22
130
146
139
167
104
120
128
114
88
112
92
129
128
119
30
168
60
137
21
121
58
32
96
70
75
3
199
52
104
154
38
57
119
72
42
20
21
159
162
148
16
174
130
3
181
187
58
164
16
154
39
115
82
124
191
59
68
156
144
150
189
45
25
132
104
16
129
7
21
37
36
92
84
19
89
155
156
71
179
101
60
142
39
29
100
9
141
146
44
59
45
186
71
54
128
124
172
186
122
22
196
116
45
86
84
186
18
198
59
37
177
126
152
130
83
64
162
73
148
58
18
14
176
67
38
12
105
148
172
35
57
93
184
185
38
84
132
65
87
9
34
58
191
194
147
185
43
155
46
72
19
76
188
79
30
89
46
134
52
92
25
49
84
84
77
144
96
162
30
24
70
103
46
135
100
181
115
184
46
62
75
12
36
93
166
92
192
192
92
151
82
171
104
175
161
18
195
198
73
78
5
152
27
165
51
52
174
184
82
121
4
37
25
172
88
147
167
16
181
139
191
132
115
90
27
33
140
96
86
104
1
94
176
35
1
14
1
124
158
56
10
3
24
134
166
9
76
122
1
52
29
43
168
109
49
152
116
200
62
11
129
164
120
136
60
198
124
13
8
14
189
178
85
195
80
92
24
130
186
133
155
12
27
167
110
62
75
138
22
16
89
26
77
185
76
80
196
145
184
105
15
124
59
128
134
134
1
86
198
81
111
165
110
72
113
165
2
43
159
80
48
141
71
65
87
105
34
196
22
60
109
20
100
72
132
177
132
35
155
9
195
110
156
176
99
178
101
98
1
80
88
172
138
67
82
7
146
118
34
146
83
106
126
169
80
156
77
155
116
119
146
199
136
49
100
31
170
4
99
100
177
72
97
87
71
125
4
132
33
135
144
139
89
149
176
112
142
7
168
187
46
64
114
178
166
33
27
172
94
13
65
94
132
9
194
4
20
31
138
14
54
192
139
124
100
199
147
4
108
111
18
165
135
175
105
165
61
97
5
104
31
122
56
41
78
49
5
146
194
123
114
64
185
166
30
134
151
109
184
105
58
29
137
163
35
4
150
180
98
30
143
65
163
176
165
165
15
36
74
193
30
3
138
79
124
178
102
126
162
161
39
88
80
199
23
187
119
138
118
125
41
168
145
193
170
19
70
139
9
51
90
41
12
150
88
62
16
162
71
178
7
74
170
135
147
147
136
150
77
73
19
91
30
123
163
173
187
87
23
19
73
184
162
90
143
76
149
147
53
45
38
105
184
48
59
36
176
177
118
18
67
56
117
107
170
173
194
197
104
105
148
112
119
93
149
4
109
70
25
145
186
78
9
99
4
148
130
148
34
199
102
54
64
139
36
52
96
188
111
8
41
120
113
194
121
198
3
53
28
118
135
120
185
112
64
34
121
22
139
134
51
73
90
186
149
53
92
19
102
84
47
102
176
137
164
116
50
130
88
86
180
20
54
31
130
122
135
179
72
27
66
114
162
190
137
115
23
114
19
196
112
127
61
163
169
70
62
171
21
193
40
170
1
1
141
193
22
119
82
153
92
6
155
182
138
96
24
13
174
160
50
37
43
119
113
42
4
198
90
8
3
109
108
99
135
183
119
169
143
120
123
198
16
56
188
28
17
80
144
8
88
149
38
156
113
80
61
69
83
85
35
62
51
2
83
91
193
107
185
107
167
20
67
139
148
165
124
107
49
181
36
6
157
26
90
36
119
45
11
150
183
122
35
190
34
94
131
127
129
59
108
47
150
78
65
25
29
24
67
67
104
27
186
27
94
86
107
145
108
41
40
155
37
190
105
74
168
148
172
54
50
171
94
147
63
34
139
158
31
85
116
105
154
128
7
90
168
85
89
139
41
181
159
92
4
39
68
164
103
155
8
14
159
90
177
74
18
141
70
61
167
168
189
140
97
165
144
167
131
31
155
40
154
168
63
66
99
102
65
70
11
87
142
99
4
100
36
38
66
199
127
169
137
27
10
59
25
12
105
75
187
67
161
183
159
100
120
33
132
130
168
33
183
26
76
177
5
125
193
134
50
135
56
32
87
160
86
87
102
127
33
166
62
75
162
97
52
29
89
156
84
57
18
106
49
109
34
160
48
84
139
76
55
188
83
78
50
143
13
141
92
109
100
81
89
16
11
181
29
115
182
136
11
146
63
165
146
69
113
191
124
185
146
13
79
129
122
73
128
118
135
38
109
185
75
83
103
30
13
99
161
125
158
150
131
38
59
80
200
22
183
160
7
193
63
143
109
19
28
148
125
88
100
63
2
137
132
197
99
131
5
27
172
11
73
14
71
164
105
170
68
168
109
147
71
187
37
66
14
179
79
49
67
116
98
69
162
24
158
128
171
123
27
49
95
140
172
155
99
156
7
74
186
20
32
62
108
113
182
194
32
57
53
178
156
62
104
9
38
18
22
20
183
4
105
128
11
82
158
131
178
163
35
153
161
109
31
17
12
167
47
83
159
154
91
166
57
136
107
70
73
10
193
113
112
37
95
188
164
36
73
118
112
25
39
154
42
85
188
184
171
75
31
67
185
185
45
147
56
140
12
58
103
74
88
82
151
33
86
27
157
134
87
66
147
127
72
144
135
186
170
157
132
107
12
106
116
65
174
55
119
111
188
199
106
180
70
172
130
76
73
89
185
65
7
99
183
33
106
108
159
113
148
10
143
7
183
194
105
108
29
157
160
193
93
47
78
50
16
98
130
147
116
124
6
188
161
88
122
53
94
126
182
100
58
74
40
141
157
64
162
79
147
125
119
98
143
44
72
63
1
68
104
176
3
17
72
44
55
58
36
183
185
56
133
164
153
145
2
116
58
101
44
185
114
86
191
90
17
176
128
22
116
121
81
170
198
144
87
167
85
95
130
179
146
57
90
113
60
183
20
119
40
189
116
7
68
76
154
44
116
196
131
44
157
183
187
32
24
169
106
5
109
130
184
77
181
4
153
58
194
177
73
138
91
91
105
193
31
123
179
24
118
54
105
105
113
150
180
131
130
114
79
105
200
141
161
11
87
55
163
139
188
9
176
132
50
57
103
159
133
157
137
125
124
89
125
70
127
116
43
184
156
193
11
85
70
185
137
59
85
27
145
92
19
166
18
21
163
73
156
70
145
88
116
109
96
198
131
183
128
97
57
152
199
63
173
191
32
154
46
136
32
200
170
92
175
68
164
148
94
95
113
121
5
59
142
53
179
112
22
83
157
166
181
66
162
36
111
115
135
167
28
97
59
152
141
198
11
46
138
133
1
93
30
153
7
88
156
46
83
92
179
190
80
153
94
180
187
198
153
13
113
157
95
3
88
129
136
166
141
164
46
130
120
74
160
89
22
31
57
123
114
38
127
53
94
50
67
4
148
188
32
5
113
78
157
21
196
86
134
179
126
32
143
128
119
66
112
57
198
29
166
156
28
196
92
141
37
122
179
25
157
3
10
39
158
53
130
108
79
93
35
46
92
116
41
123
7
64
106
143
34
8
168
134
32
179
39
9
144
112
2
190
64
99
30
148
164
116
107
21
48
141
91
168
85
52
84
32
37
92
83
14
116
144
32
40
46
181
55
191
160
132
193
178
57
41
103
74
41
99
26
138
25
50
163
1
93
166
85
21
70
130
132
71
45
151
36
66
197
57
19
134
173
18
95
70
165
92
155
69
173
172
140
108
85
56
77
128
122
87
80
200
20
8
138
25
137
182
13
161
110
175
19
126
58
17
138
28
22
106
153
184
138
152
29
119
142
200
173
144
118
107
150
87
39
129
86
121
27
59
22
185
5
121
71
197
21
94
151
93
90
134
182
9
62
174
42
19
71
6
35
166
179
46
123
160
16
109
50
162
18
128
61
83
138
28
116
27
77
184
47
120
48
71
171
110
171
200
34
192
168
15
134
31
166
84
98
78
135
40
108
46
100
197
33
110
156
27
16
189
62
21
81
10
19
10
51
126
50
16
98
183
86
15
131
177
180
104
83
85
5
165
53
16
134
31
50
103
138
163
135
4
26
103
95
57
153
163
71
1
22
20
157
105
154
104
152
43
163
150
25
68
165
177
94
96
15
40
154
46
90
183
45
105
181
72
185
123
79
83
34
96
51
197
175
32
15
78
62
166
50
180
178
100
177
42
84
46
5
114
122
17
98
177
183
66
169
114
70
106
12
170
187
36
107
12
21
151
110
193
75
11
65
8
52
146
129
119
46
85
113
93
156
128
142
179
78
44
163
42
135
45
93
11
24
8
81
76
54
156
46
120
20
173
200
51
92
61
96
184
26
77
140
2
137
84
38
153
137
138
193
31
76
136
161
177
144
32
10
180
3
33
181
145
155
124
128
108
90
50
38
14
186
170
98
115
