200
2500
193
194
96
104
124
182
148
78
177
5
133
20
112
161
180
147
66
54
67
121
116
177
20
197
189
97
42
138
192
85
75
104
184
1
60
4
78
134
1
25
19
163
30
100
17
67
1
88
136
68
149
10
30
40
156
181
77
180
49
1
4
38
107
124
91
155
48
113
3
138
155
41
149
10
200
32
187
197
66
33
132
113
145
42
158
75
99
120
16
175
61
113
160
164
92
13
95
134
179
2
77
37
134
123
123
143
126
31
126
168
9
118
177
197
67
83
156
190
108
105
66
23
157
69
30
9
50
50
169
90
120
52
116
176
77
196
128
56
116
47
112
193
7
14
148
19
150
41
37
166
192
129
100
185
33
109
14
1
188
165
165
135
65
103
3
23
75
9
24
189
151
161
145
111
97
4
140
197
108
81
192
187
134
24
175
26
30
114
78
59
7
142
62
145
62
140
173
41
6
178
157
193
173
63
77
198
122
158
141
168
82
53
181
120
2
66
55
150
161
138
105
23
138
179
119
12
101
99
65
153
52
142
125
190
189
14
110
180
148
131
124
168
22
74
13
99
170
166
60
130
15
127
25
31
35
6
43
156
129
177
79
2
78
139
187
176
78
19
54
158
83
122
71
82
107
184
138
194
71
59
168
50
162
87
171
47
41
94
127
8
97
117
121
141
169
15
73
4
159
73
159
29
158
31
54
152
181
163
164
103
38
119
172
184
150
149
109
124
122
167
123
74
60
35
196
165
194
120
129
153
134
197
137
170
7
190
127
79
35
152
37
33
156
47
5
109
63
35
71
48
105
124
42
20
159
87
32
91
186
121
170
119
123
90
117
113
176
32
150
109
44
152
148
167
144
196
100
135
124
7
72
82
25
176
40
35
130
100
117
188
77
137
30
8
146
28
39
51
119
59
199
5
27
88
106
41
7
92
68
104
26
94
182
113
73
132
124
58
64
116
153
198
28
184
104
112
186
59
167
181
65
116
177
44
78
185
72
148
35
191
145
74
155
101
7
148
161
6
193
106
99
86
50
191
185
101
168
4
39
77
87
120
92
1
123
145
150
106
71
68
87
144
171
188
28
90
48
16
96
196
190
33
150
5
57
182
165
107
41
16
156
144
174
128
149
80
197
95
176
89
71
22
184
101
156
171
153
66
174
93
76
86
76
42
164
189
81
37
145
113
191
188
30
112
138
99
172
92
6
195
19
57
144
15
98
103
45
144
194
133
68
181
150
149
133
4
112
54
42
177
196
91
199
119
144
178
6
180
121
175
187
68
195
153
84
114
129
115
166
169
39
91
132
109
118
97
1
142
141
148
126
99
93
123
56
116
89
176
1
196
120
162
199
49
11
116
116
59
194
184
128
38
115
97
184
9
16
196
43
63
133
149
155
105
129
14
93
98
174
121
190
112
36
130
71
149
184
61
1
147
136
122
151
16
48
28
165
146
32
124
115
53
167
23
132
73
192
180
137
71
73
189
37
60
105
35
64
25
60
153
14
60
124
7
14
65
76
5
188
173
96
111
53
181
115
102
66
56
173
198
85
164
131
164
31
153
76
44
127
140
57
189
57
174
126
15
9
200
3
150
120
196
82
166
18
67
72
3
103
135
129
199
136
195
102
136
43
84
183
30
61
103
140
178
65
102
39
187
187
137
124
70
25
70
130
174
153
139
169
42
52
104
197
17
97
26
142
79
165
24
55
188
49
151
9
56
152
132
13
34
187
138
75
102
137
19
1
99
62
45
18
111
103
27
91
153
175
54
139
124
136
67
102
46
147
53
111
74
199
35
122
17
60
156
124
104
42
41
141
112
4
96
188
166
14
72
119
78
141
38
104
180
89
195
7
109
167
110
128
52
97
15
137
31
89
114
155
173
118
42
192
5
157
70
194
199
113
81
3
187
16
114
165
158
110
148
49
50
134
158
51
6
6
185
51
15
140
87
112
21
141
115
188
168
170
106
4
4
162
60
54
158
101
153
31
115
137
16
108
19
85
162
9
53
76
143
192
128
71
44
93
106
96
53
58
195
122
42
200
71
174
126
111
85
199
41
116
37
73
81
19
33
177
190
165
73
41
43
162
2
135
169
184
161
61
15
190
2
187
29
45
4
155
54
176
100
139
170
55
128
27
98
44
7
108
192
95
47
123
179
9
33
101
138
186
92
94
6
28
131
84
49
42
119
169
29
169
130
124
3
59
161
77
79
191
69
180
101
106
70
147
87
70
109
13
89
131
177
66
177
49
170
181
47
115
177
140
190
166
111
112
37
99
163
160
38
199
96
129
152
35
1
155
101
98
151
81
52
125
31
100
1
185
46
7
90
100
28
137
177
80
141
133
16
2
91
2
78
170
127
24
199
182
124
186
188
104
44
166
200
140
1
136
31
101
122
109
3
82
55
169
156
120
15
159
1
29
194
139
114
12
13
144
35
111
191
12
172
55
111
101
133
72
19
147
112
89
11
99
200
149
133
147
103
41
123
116
96
172
114
74
69
132
9
33
135
159
168
138
104
76
165
58
20
161
169
123
138
45
61
61
129
180
42
55
136
28
100
71
131
172
147
79
44
141
184
56
25
43
111
5
24
91
107
45
145
84
189
147
196
125
135
119
63
198
124
89
188
134
56
96
5
61
200
177
196
55
125
103
184
23
164
199
133
40
100
182
23
79
59
11
10
33
137
182
27
25
58
70
22
49
198
76
48
61
159
22
53
155
190
64
187
98
21
58
196
99
116
14
38
29
3
80
10
27
95
107
45
12
115
84
53
199
72
119
200
6
15
127
170
119
173
141
147
104
127
89
17
39
185
16
13
129
118
138
47
32
186
19
153
127
106
197
172
48
161
63
165
82
190
136
194
180
172
130
155
76
186
112
101
61
113
151
73
104
179
141
65
42
170
53
200
104
181
75
96
18
197
26
97
60
184
133
156
149
16
3
27
170
27
153
2
169
113
194
101
67
85
166
108
157
137
72
113
79
34
73
141
90
133
11
41
74
85
73
145
122
14
182
189
14
183
123
155
90
145
51
42
72
200
30
179
90
87
79
126
93
100
155
79
113
59
96
38
161
97
139
81
184
180
160
161
46
146
130
4
47
38
66
14
112
70
137
39
24
97
114
36
181
5
115
3
185
24
94
101
29
127
154
68
117
188
82
190
20
191
165
170
109
179
164
178
74
81
66
154
181
57
59
96
196
81
27
20
128
55
105
54
26
6
174
144
57
126
133
86
56
163
92
129
148
12
40
66
30
123
120
89
65
180
28
59
62
192
23
167
122
141
61
70
164
187
56
98
83
198
116
196
126
168
139
45
12
158
19
111
153
149
4
29
113
189
65
56
19
69
10
108
26
199
8
117
192
34
166
79
38
157
74
144
34
4
10
43
60
141
3
114
181
169
72
19
9
134
147
88
75
127
7
124
190
68
176
102
66
126
48
150
160
187
106
199
180
83
59
91
10
31
94
107
152
196
195
10
154
7
16
118
68
78
138
60
104
81
86
62
173
196
66
29
104
82
127
122
88
80
27
73
140
135
122
58
1
112
152
10
23
27
109
113
112
45
87
153
110
21
67
157
116
11
186
107
117
200
124
42
115
182
9
184
184
195
121
100
143
102
193
132
123
164
189
26
14
36
34
95
82
32
167
101
65
57
108
13
168
190
171
34
165
57
106
35
177
34
17
194
15
179
3
25
84
158
28
86
170
32
165
178
84
100
130
80
12
69
124
72
115
53
192
129
102
60
82
191
113
60
137
165
163
49
98
37
56
46
30
190
104
102
62
193
52
26
89
45
19
45
16
181
93
164
50
172
140
101
132
85
46
115
169
159
178
43
56
118
82
186
129
78
67
72
13
189
27
165
60
167
63
8
75
199
134
98
36
22
138
149
91
97
50
52
6
64
175
75
102
129
125
23
76
2
55
152
41
160
191
80
103
144
90
75
185
45
68
40
35
39
6
57
51
167
156
58
153
157
192
34
137
167
151
56
105
14
91
164
134
25
19
79
192
104
195
139
168
100
93
96
26
92
84
34
41
178
124
177
98
68
133
52
166
165
71
189
136
192
11
140
33
24
167
101
131
76
52
81
54
146
78
130
168
81
87
81
89
84
184
162
87
114
44
128
66
105
123
82
152
131
9
101
183
49
47
111
84
143
105
156
155
58
143
12
27
135
160
60
51
25
81
5
67
22
71
14
14
51
80
161
98
4
132
6
13
52
152
147
70
128
61
120
115
88
36
166
154
36
179
176
101
53
1
156
164
104
128
20
21
89
199
184
19
160
52
67
41
166
166
74
96
137
50
101
198
7
181
179
193
192
20
93
16
81
119
97
137
154
134
151
5
174
23
101
95
168
36
160
17
23
33
113
174
122
6
15
113
52
26
139
52
176
18
34
61
158
132
139
185
148
134
99
22
104
99
65
52
57
1
4
171
159
63
134
64
181
151
188
70
159
138
157
77
174
142
81
171
163
33
15
68
127
38
164
33
68
161
157
82
198
114
54
139
138
128
31
104
49
44
3
147
133
38
196
84
145
192
119
188
153
14
109
174
71
158
84
169
105
47
182
99
57
6
153
168
82
26
104
26
33
53
150
187
167
37
188
100
189
145
72
85
123
65
108
3
32
74
54
34
70
137
32
8
94
40
94
162
26
196
112
34
50
57
26
37
91
42
168
14
22
49
133
162
143
122
76
200
69
183
156
153
147
138
169
175
19
71
26
10
38
173
64
176
86
163
159
142
191
142
20
82
157
150
47
58
160
147
122
105
42
97
149
37
154
79
27
87
29
183
55
26
110
32
32
145
76
54
68
148
111
47
96
147
110
99
29
190
101
89
192
113
123
106
194
83
144
193
35
63
122
7
23
37
43
103
98
31
2
1
50
4
141
31
8
68
89
154
98
70
51
196
6
169
97
42
80
47
15
41
80
29
40
14
138
49
189
66
143
121
177
199
50
47
81
11
102
40
40
30
191
146
164
56
158
95
148
59
13
195
169
22
176
19
40
122
107
153
165
36
139
86
133
87
79
24
190
124
134
165
155
22
19
183
198
157
12
21
183
49
34
32
191
40
20
110
71
188
106
5
2
41
163
111
113
142
165
65
44
189
8
126
106
176
65
131
70
67
41
79
35
38
112
93
42
118
195
167
42
101
79
13
50
62
144
14
148
75
38
55
185
118
127
27
179
164
107
58
73
174
89
34
27
119
8
156
169
188
102
133
13
132
10
121
58
54
156
163
108
48
49
63
155
63
95
22
157
17
145
140
119
7
96
164
44
38
59
165
114
132
165
120
194
151
29
83
124
138
164
54
67
154
181
171
173
45
159
194
82
89
21
66
70
124
26
94
21
115
110
186
180
156
140
89
155
120
54
192
143
168
33
107
192
134
20
23
116
181
86
21
98
52
90
48
13
115
37
138
117
63
187
196
37
143
103
99
96
192
21
70
114
192
152
110
79
157
193
179
23
197
51
115
56
3
131
77
83
70
94
165
94
14
108
160
117
54
83
76
12
61
124
69
54
42
116
15
24
93
142
178
8
172
48
80
63
198
128
17
129
194
128
163
105
121
170
50
103
7
30
93
70
133
64
167
59
109
52
71
25
121
93
122
107
164
105
131
100
122
34
196
12
194
184
15
194
108
130
162
174
27
96
46
30
14
154
