200
4500
31
131
144
3
67
3
181
55
5
74
100
114
137
8
142
29
140
65
20
13
174
156
89
147
40
58
9
187
199
155
74
104
162
178
123
98
88
93
157
137
70
114
117
62
31
6
73
169
103
26
191
130
76
124
13
53
55
87
54
102
136
101
137
94
113
154
143
169
180
96
143
123
192
105
119
76
119
6
77
55
59
177
124
52
121
199
33
25
129
39
107
68
197
41
69
150
121
197
37
54
2
131
188
55
2
176
76
83
72
157
143
124
26
35
77
200
115
112
108
63
192
80
26
161
151
140
166
37
14
199
172
92
35
176
6
149
24
48
18
153
7
115
119
36
71
32
29
75
143
47
6
114
81
48
147
180
103
197
171
13
194
93
44
56
80
99
179
165
114
118
136
20
163
29
57
5
90
59
95
21
74
172
155
106
47
4
2
181
70
165
182
44
106
104
5
116
102
192
187
104
51
113
145
82
171
8
41
70
52
138
134
125
51
25
104
180
192
12
141
93
142
90
153
85
114
107
192
176
90
138
107
103
49
151
105
70
54
98
15
149
187
166
22
187
79
126
124
134
66
112
197
80
169
127
100
160
181
134
63
54
108
53
191
198
146
72
41
130
75
3
113
75
21
104
75
21
60
12
105
17
144
131
192
129
10
161
190
4
17
65
64
192
20
24
8
102
14
147
10
174
26
55
40
176
38
200
2
115
165
161
21
3
162
198
116
186
151
21
115
129
133
135
156
109
158
180
73
78
49
75
1
159
177
120
179
143
144
176
118
10
118
88
150
38
126
2
173
84
144
111
55
152
25
168
101
7
151
93
191
199
45
129
156
100
176
2
53
70
5
28
190
159
182
161
15
123
162
98
31
72
90
185
145
123
95
49
35
114
12
172
128
195
159
101
82
47
19
154
134
127
8
91
192
175
185
31
52
148
71
46
130
22
74
66
30
187
22
90
175
39
44
47
158
99
17
175
75
167
18
138
133
113
147
136
101
107
150
110
53
50
113
33
5
10
43
36
79
192
191
111
90
6
149
34
132
127
174
178
199
7
138
19
41
40
168
196
153
119
108
39
52
154
104
66
195
164
52
57
97
21
104
41
63
181
109
189
4
78
184
43
200
148
89
54
117
22
37
4
156
118
180
77
65
102
86
4
141
179
47
30
166
124
83
150
21
103
18
85
36
10
134
97
193
140
178
2
112
95
79
114
104
97
188
127
22
32
116
67
144
89
3
196
198
170
136
104
65
58
155
172
125
39
133
123
102
45
19
188
17
18
157
197
155
117
82
135
50
56
124
163
58
184
114
198
128
181
197
134
33
81
94
56
129
173
167
72
7
177
114
26
189
66
103
57
120
16
87
136
131
78
199
166
98
149
132
77
58
61
108
115
196
115
58
30
139
185
147
117
63
18
83
22
79
54
134
11
180
182
191
159
64
70
26
118
161
184
35
180
59
85
78
93
117
144
9
100
47
32
1
161
39
36
73
70
53
178
30
50
51
116
110
146
165
142
104
168
57
56
40
97
127
92
96
154
164
81
11
86
116
181
147
79
84
158
138
77
8
168
100
5
8
174
71
100
182
180
193
105
149
27
77
3
123
61
21
136
194
61
61
189
23
182
65
101
65
155
24
33
172
76
152
25
48
92
35
148
167
105
50
31
16
148
166
47
128
159
117
104
43
137
190
73
100
116
57
53
169
168
140
74
190
72
64
20
173
65
37
17
165
46
189
74
200
55
116
102
135
90
41
189
153
61
151
39
119
150
183
184
49
193
189
77
169
61
45
15
38
147
189
45
104
99
26
11
21
170
127
187
58
78
191
155
6
54
153
130
41
55
38
6
187
147
157
90
13
196
11
167
103
67
140
55
196
179
97
14
195
7
193
9
16
55
115
136
2
156
96
128
156
143
157
144
74
110
34
43
148
198
53
170
92
164
23
64
49
75
194
25
108
31
115
152
3
49
104
179
120
25
132
50
113
60
17
77
96
173
156
126
54
124
139
84
63
84
19
63
76
105
190
95
158
197
159
169
187
33
65
71
20
138
140
10
26
153
90
87
73
140
1
177
149
169
109
196
36
92
95
51
6
164
149
79
197
179
56
103
20
116
60
135
30
127
143
50
160
182
46
129
4
136
153
2
121
103
163
179
54
108
93
50
43
48
164
99
17
116
3
159
87
52
93
114
105
40
74
86
30
144
86
71
35
108
86
3
77
107
89
51
143
18
141
174
190
148
155
138
116
153
121
108
51
7
105
117
165
120
15
169
74
180
24
40
121
126
190
28
1
72
60
13
36
97
71
110
85
109
41
128
104
178
23
117
180
59
170
76
167
48
8
94
39
32
197
198
196
150
22
75
33
110
71
166
73
3
155
38
37
102
165
9
160
98
116
193
33
133
126
145
16
62
181
192
76
176
91
16
113
185
18
107
119
147
46
112
166
167
146
199
8
190
36
13
99
200
148
193
91
185
187
24
156
189
154
76
14
96
101
191
128
102
134
91
124
141
75
45
191
105
20
16
34
39
41
128
103
195
190
21
187
122
171
191
12
60
190
73
194
115
65
125
23
147
79
27
200
11
2
117
148
138
64
127
113
24
154
159
80
1
170
75
96
191
145
176
197
3
49
38
101
147
195
21
123
66
140
74
79
184
24
126
60
20
191
61
97
28
41
107
178
16
142
86
116
170
115
43
57
109
182
164
100
184
29
154
107
65
85
107
112
99
23
99
22
23
17
27
198
156
99
75
162
121
42
182
105
113
70
88
89
121
97
121
2
166
155
154
39
185
107
21
84
189
38
156
74
60
19
145
88
100
116
143
107
182
31
71
191
190
192
82
41
52
21
173
193
160
42
26
150
27
183
37
131
112
45
105
200
159
162
178
82
70
186
8
172
174
177
106
78
107
126
12
130
191
46
20
55
84
92
125
84
178
114
132
10
125
124
43
87
150
118
80
29
50
61
38
86
120
15
66
199
146
136
81
199
71
191
108
47
156
69
62
99
178
115
143
34
69
26
3
108
90
40
73
22
29
166
200
13
92
175
144
69
142
146
162
59
144
87
78
164
187
107
167
146
97
52
189
83
60
43
145
127
22
27
94
38
90
82
137
24
48
86
171
53
158
117
189
3
19
59
146
116
4
4
87
200
73
82
117
89
16
129
122
185
160
4
149
197
71
117
162
28
170
189
40
91
193
191
83
76
166
174
61
39
146
73
180
144
189
62
171
28
50
160
129
104
170
31
142
146
182
136
21
71
27
164
94
152
134
58
115
166
11
25
164
38
62
81
162
115
159
160
53
93
73
183
161
186
56
58
144
103
53
102
55
44
152
70
126
65
47
180
8
176
95
173
166
183
53
35
192
173
101
101
193
159
155
19
159
181
117
168
8
190
119
70
87
173
133
59
7
112
77
155
3
187
148
63
38
45
164
189
191
117
90
8
37
31
135
102
183
143
190
100
35
98
34
86
124
51
173
13
90
172
86
136
49
167
109
136
44
183
188
77
86
153
56
111
114
162
109
199
82
47
157
37
53
158
126
152
23
34
140
192
190
103
46
55
98
189
188
67
28
185
61
64
114
63
38
148
73
18
91
124
145
101
5
197
33
171
180
123
38
128
194
14
195
63
81
135
34
169
9
54
122
59
49
12
154
89
36
121
33
44
68
62
100
159
195
15
12
19
75
79
88
183
175
16
160
191
48
160
59
5
63
118
61
42
42
169
138
4
165
9
86
132
192
129
56
4
170
78
192
115
77
168
181
45
167
133
80
68
102
172
1
74
70
45
33
108
80
142
76
38
199
76
27
193
7
75
19
53
106
9
172
104
72
81
56
111
20
136
178
117
79
37
136
143
182
69
49
27
70
163
9
4
116
114
82
148
24
160
175
175
133
76
162
197
92
115
148
13
70
112
153
25
195
180
5
49
197
180
77
177
182
102
104
25
106
122
97
97
21
172
62
11
33
133
25
182
183
46
132
191
146
91
124
90
2
24
79
21
81
66
63
11
128
188
148
191
8
55
131
17
95
42
193
23
45
35
120
181
84
107
68
108
184
43
13
122
48
93
97
41
82
55
1
152
115
179
142
80
33
133
13
57
193
72
131
40
122
149
147
30
78
26
21
75
104
78
57
161
180
165
178
125
92
195
77
51
9
115
162
100
6
153
37
121
77
51
58
119
136
193
92
72
134
191
9
77
163
150
189
127
104
130
155
83
189
124
155
162
113
14
41
58
77
157
5
143
161
156
148
153
116
43
129
115
126
88
119
177
68
147
140
75
116
106
24
88
50
130
42
35
70
153
147
126
84
79
139
189
133
98
96
127
71
162
128
128
24
15
163
4
144
171
43
52
165
31
196
147
18
63
148
135
150
75
83
3
57
147
13
166
131
16
34
55
85
80
14
153
75
26
28
77
8
161
3
131
58
34
197
17
65
39
108
67
91
185
115
49
173
155
185
51
84
100
24
5
135
184
174
132
21
24
42
100
173
13
82
35
137
169
43
23
113
138
22
80
12
18
7
152
59
144
42
191
1
128
149
34
55
133
130
5
90
157
129
186
173
166
159
93
124
52
13
197
1
136
47
63
81
64
52
148
75
40
96
191
107
152
65
66
165
70
132
44
20
122
170
119
4
30
99
27
154
145
84
163
174
47
2
187
76
159
86
18
185
32
17
65
143
53
56
22
192
178
67
93
184
148
60
194
94
141
62
24
143
182
149
4
22
47
191
73
29
135
17
117
179
102
191
83
198
20
182
171
1
161
56
151
100
127
182
67
13
131
21
160
115
61
137
184
45
124
68
154
98
19
40
16
117
64
47
46
153
93
156
27
108
155
198
59
163
113
9
188
200
22
6
144
180
104
93
118
75
125
114
122
13
10
105
54
72
49
28
80
187
148
61
124
145
81
78
130
57
15
78
128
198
113
78
65
28
172
67
119
184
183
7
158
6
59
77
124
153
187
162
50
145
155
147
184
81
188
142
194
52
129
112
176
188
22
63
176
36
117
125
88
50
29
145
95
1
12
133
170
195
153
112
179
113
105
190
35
144
48
190
114
9
10
5
183
4
67
15
100
170
120
19
70
184
25
155
54
127
81
69
101
87
55
164
2
120
51
156
115
99
116
128
21
89
152
192
54
132
97
87
162
86
166
133
66
103
199
86
168
159
3
186
85
89
51
168
76
163
72
9
158
82
136
106
86
117
80
106
196
59
55
200
191
70
48
20
29
132
49
196
35
49
49
119
68
61
24
53
179
134
158
83
34
192
100
81
151
102
63
14
123
182
129
63
18
21
173
192
15
161
6
195
99
137
8
142
71
40
176
14
121
117
133
118
84
179
194
8
122
175
34
172
67
143
138
188
155
80
71
22
39
155
107
163
115
19
98
49
95
34
84
44
145
31
50
43
195
116
17
126
153
20
71
76
52
14
127
10
43
168
56
143
73
137
61
20
193
74
32
103
61
145
161
191
75
181
100
194
190
153
158
10
42
4
65
34
84
1
13
75
45
148
7
73
42
29
61
72
57
65
133
187
167
129
108
170
28
44
74
118
103
193
95
99
161
122
71
51
171
33
60
29
20
190
85
40
187
156
116
95
141
101
80
180
57
185
164
165
155
102
146
21
128
109
138
54
27
11
80
63
102
77
193
24
98
59
73
52
64
152
67
18
102
6
91
138
157
72
45
71
97
165
196
39
80
186
164
114
61
47
22
85
129
170
28
55
44
71
149
133
89
108
48
174
106
96
132
35
199
104
82
54
89
44
90
132
191
189
181
23
168
192
185
87
94
123
25
21
188
187
85
183
186
181
65
166
25
127
196
155
181
49
50
69
145
177
184
49
190
110
179
185
107
57
18
115
88
10
99
74
62
113
1
77
144
188
72
67
164
195
64
165
26
36
93
25
117
38
194
122
117
8
85
183
83
25
190
165
25
57
106
54
30
101
93
148
52
5
58
199
149
34
85
78
92
52
116
112
63
87
106
92
72
172
164
107
70
150
129
155
49
92
45
132
39
146
1
194
105
67
167
128
40
146
58
69
71
31
145
108
85
79
183
54
51
58
74
67
196
33
74
112
120
99
198
4
42
135
165
173
116
59
169
155
165
51
165
166
102
178
178
2
147
70
20
188
85
38
162
86
162
53
186
35
111
59
183
175
2
72
47
81
6
70
144
12
97
74
38
187
132
11
68
160
7
58
18
119
166
152
164
154
181
126
182
136
79
113
26
13
142
170
15
31
125
39
97
112
90
177
112
21
173
147
97
144
105
82
83
84
74
89
128
38
67
111
16
6
129
131
167
41
157
9
10
27
86
180
158
126
40
22
149
172
99
17
74
136
29
96
76
98
158
130
191
192
71
108
87
27
131
185
178
185
84
110
200
66
130
39
68
79
22
172
15
48
52
76
23
61
104
79
99
126
48
102
49
171
68
65
187
21
115
186
23
96
168
77
145
19
131
197
108
34
104
133
13
57
23
97
63
177
45
34
40
70
41
17
41
130
52
185
73
145
51
77
113
43
168
98
133
43
167
37
160
175
32
6
20
185
101
31
104
14
81
108
142
191
175
33
145
141
1
146
32
140
33
23
139
44
172
145
44
164
34
147
83
191
35
66
142
120
189
54
169
15
193
104
64
196
45
47
183
181
58
161
104
18
105
47
159
22
27
56
40
186
180
8
29
165
67
152
138
14
80
179
37
17
104
64
90
148
1
147
62
122
67
162
45
121
82
57
22
24
12
145
189
12
23
86
62
195
150
8
105
161
191
50
154
53
164
10
106
23
84
186
183
69
183
93
143
108
40
34
13
42
73
103
108
176
174
15
156
75
148
113
192
93
69
46
24
78
95
37
192
156
149
137
122
45
147
181
103
57
79
29
130
132
171
20
70
95
149
110
197
130
55
130
102
154
90
16
74
144
163
122
167
133
99
168
62
62
103
27
39
112
150
129
59
82
25
9
63
145
24
88
158
6
169
113
193
100
174
75
108
179
45
140
150
178
98
67
61
138
18
137
171
80
164
151
118
68
115
198
142
140
16
27
102
3
8
23
159
170
57
181
63
97
93
99
74
58
111
168
162
135
84
121
83
45
12
102
37
158
56
134
74
60
83
188
17
179
18
198
10
194
189
106
183
19
74
142
45
161
101
57
90
164
117
192
10
153
116
23
128
74
185
77
89
106
197
168
154
177
88
47
71
143
130
184
165
30
189
57
104
168
190
193
36
91
116
7
100
179
82
154
48
105
30
117
165
58
81
20
12
113
62
122
118
108
33
133
144
193
116
98
113
148
10
123
16
83
159
30
61
44
107
105
184
159
34
186
139
120
84
49
43
178
64
131
123
86
184
125
23
175
13
158
11
54
102
20
159
194
142
116
98
196
17
63
67
34
6
138
55
123
73
22
150
141
13
169
101
124
170
50
176
139
121
55
5
69
52
36
95
13
108
67
4
29
92
76
121
25
70
26
9
41
13
41
152
20
131
148
135
163
83
187
111
154
101
55
59
128
15
32
107
198
167
155
78
45
2
120
1
88
199
34
38
156
114
103
184
65
67
42
194
124
94
83
179
75
189
170
155
36
56
74
49
85
68
73
117
48
198
56
30
166
127
95
45
160
192
2
113
49
6
91
104
110
184
72
33
131
92
96
56
159
34
149
37
58
91
74
164
114
21
132
39
136
2
188
105
140
160
60
116
131
74
88
14
177
123
28
33
16
193
166
103
80
8
71
38
159
153
125
173
155
49
51
127
42
22
73
10
17
190
9
14
153
111
88
200
75
13
177
80
182
85
35
29
79
163
159
126
71
22
29
51
131
163
60
193
40
54
171
16
56
185
53
15
50
40
181
109
99
98
127
161
184
172
95
85
10
176
85
88
198
118
124
39
168
11
94
112
80
128
178
167
64
107
84
18
126
16
196
121
143
178
178
24
16
170
200
9
35
181
96
170
188
44
6
156
17
3
140
113
11
109
2
181
100
97
59
49
87
50
12
92
117
104
190
163
61
83
63
36
32
174
43
54
34
41
191
1
198
6
22
134
9
1
183
120
44
117
73
129
95
164
166
134
144
79
33
148
15
55
161
95
133
161
125
57
129
41
48
110
167
118
148
81
5
58
144
175
155
22
50
156
14
125
137
64
51
145
118
80
71
120
100
165
40
175
75
125
35
144
126
171
121
189
199
163
106
86
95
17
121
2
23
65
68
38
94
156
198
62
13
179
154
43
69
10
154
133
55
158
145
37
140
78
68
145
178
180
199
162
193
146
165
156
134
182
76
134
76
53
6
10
23
129
45
123
185
33
93
74
13
74
8
51
117
139
46
175
67
159
94
116
127
147
149
169
136
116
82
51
44
166
182
199
153
38
161
145
76
65
20
2
41
30
95
140
113
38
64
168
144
111
92
124
51
73
149
182
157
140
136
192
158
161
169
188
146
14
54
91
8
160
56
193
58
45
130
114
52
67
35
61
86
39
14
198
9
147
198
93
161
14
8
77
40
89
24
10
162
42
68
86
57
13
98
156
156
115
46
144
142
97
112
47
139
25
3
107
157
30
130
103
40
50
109
160
185
67
42
72
98
78
183
93
119
145
67
186
128
23
33
100
129
77
1
70
58
18
131
120
38
171
82
169
87
52
72
111
177
24
121
96
84
179
15
40
111
43
47
42
122
166
4
47
131
20
154
190
121
111
14
144
138
138
132
102
59
54
145
142
199
126
58
22
140
111
37
49
43
153
136
198
159
105
35
130
157
134
30
166
151
20
132
163
7
53
172
7
71
70
173
92
56
126
102
92
4
93
48
81
31
167
48
139
52
20
99
22
22
64
151
18
62
129
124
75
140
182
27
43
152
156
24
29
177
92
133
9
34
52
151
112
182
198
13
135
36
156
4
129
14
125
109
149
28
43
88
147
148
28
191
83
115
197
120
109
89
49
12
10
93
175
127
9
55
5
113
199
188
62
35
8
142
56
183
89
161
113
152
194
41
189
10
73
6
60
32
87
138
148
53
122
194
65
118
176
199
28
135
91
192
59
58
66
85
162
103
156
198
127
12
154
85
127
62
192
106
174
10
111
90
72
199
35
197
183
117
151
152
180
56
133
10
57
109
102
2
135
129
105
57
171
177
174
108
184
182
198
32
57
5
33
70
19
74
65
130
51
3
125
152
170
157
106
185
158
158
189
184
85
66
163
122
6
66
113
98
107
175
117
32
166
21
175
197
76
119
35
104
44
122
26
51
185
152
95
107
100
134
98
28
9
86
44
114
73
155
97
200
44
77
60
44
2
22
130
99
91
189
94
64
178
65
137
138
100
95
1
115
38
21
113
29
43
131
129
57
96
120
186
82
183
41
170
165
127
28
123
107
137
100
16
89
91
164
38
148
185
136
188
11
165
136
116
17
68
150
175
80
81
51
6
174
54
8
50
7
63
12
39
150
178
88
79
60
160
148
61
71
170
58
131
180
189
194
76
42
198
45
57
133
88
4
115
28
49
70
53
117
117
36
26
187
182
70
69
187
30
67
74
92
189
154
177
174
196
18
102
10
146
88
51
60
190
25
108
107
61
149
96
101
13
157
3
101
119
80
172
122
119
76
193
41
56
84
38
135
4
29
83
84
10
133
46
150
87
24
60
87
32
178
180
182
51
133
110
43
41
126
40
56
184
29
24
119
156
195
134
19
18
168
113
135
78
167
196
176
128
29
143
8
181
30
154
3
61
181
57
27
176
139
35
177
145
99
199
98
107
147
49
79
10
48
72
123
65
167
64
45
40
48
155
186
152
53
10
125
12
118
51
133
128
61
127
199
89
51
98
110
109
61
20
127
123
18
27
9
13
24
173
137
127
106
141
163
47
140
157
69
102
200
125
36
23
19
39
95
190
80
90
57
98
125
182
39
44
189
34
52
47
72
195
49
98
101
18
181
107
53
84
30
120
86
116
193
180
159
169
71
110
198
9
195
15
186
120
7
93
149
2
183
28
79
125
35
9
187
85
91
118
142
40
200
12
155
175
61
55
80
48
133
137
15
135
80
127
123
175
176
106
94
112
120
80
159
192
172
170
92
185
128
29
38
73
103
134
141
99
93
84
25
87
194
143
149
109
80
27
103
178
31
87
16
51
87
93
186
86
87
58
16
161
129
86
57
124
55
142
168
23
127
79
200
171
75
62
188
180
101
195
80
21
155
