200
2500
57
179
152
54
88
199
25
122
151
76
40
82
24
41
23
8
86
61
160
106
29
94
60
139
147
41
64
194
108
31
62
161
90
158
10
102
174
42
36
129
196
102
139
10
45
58
168
137
85
151
124
22
94
172
143
84
165
141
84
64
47
100
92
171
9
42
171
141
7
140
86
121
186
25
160
128
200
164
21
48
112
89
67
187
101
120
8
182
27
168
11
54
10
197
26
137
46
169
100
91
119
59
154
26
19
66
11
70
102
167
42
131
72
109
47
87
41
116
19
13
135
11
39
21
168
92
173
105
156
143
80
6
83
70
122
102
140
134
24
1
68
67
137
153
86
90
186
177
129
122
18
133
175
35
141
187
181
88
8
86
97
89
192
188
107
55
100
191
130
187
110
59
21
42
103
128
161
121
62
42
189
20
82
200
173
52
90
190
171
51
170
48
37
166
165
111
32
178
42
104
150
28
88
15
85
26
122
159
26
164
13
1
196
29
143
191
19
40
162
117
48
164
159
44
70
6
107
84
124
29
82
162
105
185
56
190
163
43
144
195
148
91
105
30
153
109
128
131
130
111
117
163
51
107
45
80
137
41
136
147
84
195
85
84
18
23
101
193
123
98
118
99
29
137
129
40
48
174
162
35
131
137
178
41
155
193
65
12
197
126
108
161
157
91
144
134
88
123
170
164
193
141
175
165
154
159
50
48
184
165
72
25
40
127
130
127
61
143
118
101
101
82
14
82
169
99
134
45
58
165
97
54
163
60
198
107
79
89
113
114
18
146
80
63
87
14
161
75
150
119
178
110
10
61
77
8
75
153
155
179
174
138
63
162
153
86
43
37
184
138
103
153
167
4
76
146
128
199
37
61
14
152
119
10
167
119
158
49
143
129
106
163
13
94
171
133
110
37
177
28
84
113
162
113
109
137
47
172
49
127
132
118
104
114
82
179
111
50
153
18
126
108
125
44
126
34
146
113
25
187
23
16
141
151
90
182
78
114
91
50
106
148
3
154
174
156
46
171
67
96
6
21
139
81
83
191
104
133
125
91
26
199
86
134
35
14
169
36
88
57
99
43
70
196
177
82
23
67
86
151
83
15
33
99
152
34
87
118
55
152
60
131
12
53
10
85
56
29
157
195
83
84
86
51
101
68
74
194
76
194
149
12
153
150
156
87
31
145
153
95
199
179
186
102
46
106
89
85
184
166
154
181
64
112
26
34
33
57
42
13
172
159
50
12
168
12
103
135
147
104
133
186
122
86
79
54
106
107
179
198
141
189
185
137
134
164
194
80
119
138
140
200
147
53
149
90
156
9
54
24
72
16
42
69
151
188
96
139
143
152
143
38
13
55
191
10
186
129
38
78
67
169
152
176
160
195
116
10
118
137
200
194
187
130
195
1
37
53
157
168
130
28
53
185
109
123
153
151
101
99
144
38
132
41
79
180
99
42
72
164
70
89
71
23
159
63
105
7
19
41
73
51
171
156
141
149
115
20
34
28
175
46
84
198
174
178
151
53
188
128
2
88
144
12
53
77
141
127
26
108
77
132
110
35
191
70
198
81
3
19
166
69
110
86
190
143
61
23
32
199
119
157
92
101
50
160
87
127
118
72
60
86
179
34
121
90
83
188
174
56
62
66
123
190
2
140
139
32
96
49
19
74
111
30
94
124
62
148
51
168
24
126
44
80
91
137
155
13
39
196
178
17
154
129
59
57
188
158
46
70
118
22
126
125
39
187
165
99
104
73
141
54
193
183
194
24
12
189
17
83
81
37
103
98
13
36
86
50
54
64
58
81
131
8
153
36
8
46
116
148
131
159
8
198
100
2
112
131
159
76
177
171
17
104
53
76
172
104
44
168
140
54
110
60
32
46
146
154
162
46
14
200
144
38
138
5
95
162
24
5
194
4
4
179
124
10
173
26
137
164
75
27
77
142
81
54
162
154
180
145
100
35
129
88
44
49
84
148
106
109
2
172
84
19
157
18
116
4
145
165
101
78
187
107
26
50
115
185
63
76
133
106
34
29
74
22
66
52
69
160
59
70
185
9
3
74
92
12
4
147
172
185
3
100
168
198
60
100
78
7
86
176
166
45
18
88
110
74
15
108
85
8
77
59
31
1
185
192
11
178
113
111
109
87
31
51
183
117
61
12
67
104
166
147
141
161
29
167
70
187
31
159
11
174
101
138
67
27
74
184
74
197
78
117
80
31
8
150
26
12
34
8
87
11
110
176
187
115
52
33
79
120
56
103
194
91
87
96
118
134
55
184
6
169
135
172
35
148
185
198
113
93
14
168
114
89
132
64
138
185
57
133
188
13
134
78
87
102
34
119
112
9
121
119
7
82
112
113
170
103
20
60
58
198
37
93
56
81
24
152
66
156
36
179
71
197
121
155
186
73
126
114
152
37
134
193
84
78
104
139
31
190
146
89
33
1
90
157
95
123
29
196
199
58
91
64
171
197
27
37
64
162
30
113
138
66
197
180
80
136
86
104
196
122
189
21
106
161
131
111
109
41
179
176
19
124
162
34
140
49
122
123
102
105
21
92
162
151
17
158
104
111
155
55
32
50
170
70
125
33
67
152
188
42
138
182
158
42
186
141
154
186
98
175
5
52
135
74
191
157
41
124
169
135
175
151
44
72
108
182
157
2
108
86
180
5
27
84
188
24
155
60
199
32
128
66
30
156
105
13
81
165
20
179
82
9
169
80
104
54
69
143
36
179
181
175
88
82
88
23
71
31
8
24
86
85
173
168
64
47
36
130
193
137
36
163
43
36
90
154
82
142
50
80
39
178
184
121
129
55
16
179
40
5
106
191
41
52
156
184
19
176
27
193
26
98
20
107
125
29
40
193
97
91
88
173
29
103
73
168
7
27
92
3
165
189
6
2
77
183
19
118
85
145
166
129
140
89
110
34
72
112
84
7
92
161
9
9
22
192
178
10
11
143
129
4
1
116
166
64
91
119
49
65
150
53
71
12
60
22
125
2
143
66
114
18
37
108
141
153
92
188
155
109
14
28
91
83
168
153
23
180
133
86
128
177
21
99
144
74
51
132
18
82
17
73
53
74
10
129
177
110
58
23
42
184
170
196
98
118
88
73
105
177
106
62
36
58
14
15
87
188
19
186
11
179
5
156
44
131
20
141
30
178
155
26
125
192
7
166
118
121
184
147
76
185
159
171
10
48
95
85
23
70
43
33
63
179
11
165
5
7
166
48
40
113
169
19
125
98
53
5
92
49
71
145
29
132
103
173
161
143
13
4
83
136
2
149
63
33
121
96
23
86
43
120
126
185
9
30
57
136
57
166
175
146
190
16
85
12
28
191
67
62
140
13
109
18
31
145
139
40
62
102
20
2
75
128
51
135
155
48
114
145
4
133
28
32
143
63
195
120
197
108
144
30
114
185
121
193
128
183
31
152
47
103
54
138
62
68
112
195
28
116
196
54
131
198
103
122
158
42
88
3
89
164
9
143
39
117
26
147
136
1
65
38
74
45
14
81
85
126
1
135
117
99
170
197
53
100
120
61
9
47
197
74
188
143
28
106
71
116
97
43
69
83
195
74
151
193
20
144
102
40
85
176
49
83
157
191
23
61
158
144
132
114
111
124
34
147
131
20
26
123
90
137
92
192
71
35
60
163
15
47
196
119
89
3
24
13
57
181
108
3
172
195
189
127
10
33
88
120
94
24
37
108
56
16
111
49
175
40
73
95
143
164
44
18
32
69
169
121
38
14
161
6
198
182
80
101
94
65
89
102
45
197
84
131
175
105
62
157
17
197
119
52
24
90
109
108
24
48
10
29
188
93
25
136
154
140
178
154
161
22
57
138
122
93
55
13
154
144
175
21
83
154
134
79
20
171
69
31
76
112
94
80
64
103
73
87
30
27
194
9
191
72
53
61
194
42
19
185
131
158
51
87
131
7
2
125
19
82
22
7
122
101
121
85
79
1
178
143
143
5
57
49
198
191
45
157
176
11
12
36
156
197
16
32
21
121
139
92
16
54
186
13
159
61
167
114
160
164
171
70
50
61
13
11
33
83
69
85
145
119
45
106
147
2
6
46
30
64
3
80
183
140
57
98
138
140
57
69
84
111
82
61
21
101
13
39
67
158
178
21
15
35
96
128
45
108
9
66
186
113
138
4
186
145
161
97
83
4
112
189
50
160
149
51
190
36
29
26
191
11
87
183
50
187
171
100
33
34
112
129
191
121
188
93
40
2
63
110
191
35
160
136
168
8
176
89
93
122
137
78
183
5
114
178
79
196
116
34
135
56
67
64
148
159
35
108
83
200
96
97
159
163
40
28
146
170
187
44
135
199
121
123
198
23
186
7
181
20
200
121
53
149
133
32
60
158
154
75
96
7
118
192
193
25
108
158
118
149
136
187
184
6
94
65
62
196
101
19
176
62
104
158
170
191
183
165
198
88
200
133
172
150
11
104
40
35
160
46
105
78
195
56
78
138
121
132
169
46
10
40
109
43
10
80
99
83
131
43
39
145
106
56
173
153
70
199
16
148
181
58
136
72
198
190
71
23
54
173
1
99
22
193
158
71
98
123
62
114
85
115
147
175
183
17
173
118
176
173
148
199
31
94
152
157
174
170
50
185
75
79
100
5
48
69
146
43
7
96
139
138
46
29
70
1
120
75
101
35
178
148
115
56
122
2
111
170
104
177
13
60
116
137
132
58
111
87
71
196
190
148
105
160
159
161
90
51
85
31
2
108
96
49
57
127
128
51
167
44
157
43
13
191
23
157
141
193
87
177
1
118
16
4
47
200
139
18
179
94
28
38
199
142
110
156
115
193
10
73
98
82
36
126
105
17
48
85
174
144
64
28
36
78
92
66
20
150
73
42
177
63
194
51
61
58
71
17
59
97
34
9
182
133
74
60
136
187
186
93
180
37
91
147
183
123
78
31
29
98
46
199
176
25
26
77
20
101
72
177
130
158
12
62
163
139
128
81
168
13
172
17
114
146
141
184
140
48
122
101
135
49
83
101
12
87
58
180
80
157
156
45
157
89
172
134
9
186
166
186
9
134
153
117
24
148
33
86
9
167
73
163
32
154
193
53
179
48
77
60
62
150
196
3
18
138
199
158
113
71
160
131
131
128
100
195
148
128
179
188
107
163
182
195
73
136
76
4
46
171
150
59
188
66
40
113
106
133
21
73
177
5
71
93
12
133
100
176
107
190
169
191
104
99
197
44
6
49
77
3
125
42
105
70
125
36
167
12
180
29
134
81
135
53
14
117
11
47
57
175
199
154
99
78
78
179
110
60
39
88
54
98
146
101
117
18
74
114
116
123
105
6
151
38
24
7
197
169
81
126
10
28
54
32
8
10
79
40
46
59
149
159
151
46
95
57
136
110
180
159
149
147
174
44
15
62
7
98
128
168
11
51
174
153
63
69
183
120
198
170
199
15
42
92
16
80
9
158
82
182
30
199
103
191
176
47
122
20
86
74
177
182
109
155
52
67
20
102
170
163
51
52
154
15
3
82
154
62
113
165
152
69
1
72
172
157
72
66
28
103
114
177
157
104
99
79
194
146
185
159
9
149
129
89
16
58
29
197
105
8
149
99
164
65
24
70
13
55
122
76
42
66
96
90
134
83
164
26
74
10
141
6
100
188
174
97
155
110
