200
4500
27
177
101
21
166
177
30
128
10
151
140
123
131
104
144
64
8
22
45
24
165
64
99
2
198
155
140
2
10
156
194
123
40
17
101
186
33
28
40
148
76
151
161
70
124
50
92
44
16
166
17
27
34
157
123
31
49
70
166
171
71
46
67
177
72
82
195
3
131
72
28
168
160
33
158
1
154
14
30
34
67
191
157
123
129
101
156
149
171
136
137
4
197
186
18
126
99
102
200
46
4
6
94
2
127
74
137
24
14
95
166
74
158
176
174
179
122
69
167
58
130
188
79
124
59
124
24
194
19
55
80
102
155
60
80
108
145
62
83
35
60
19
113
70
101
92
107
73
47
110
79
200
156
157
28
178
14
161
169
169
131
36
79
37
9
170
66
155
46
26
101
70
151
46
166
158
155
33
188
156
127
64
43
109
133
163
178
109
151
23
190
34
74
184
47
184
163
28
185
3
64
62
107
37
7
115
64
41
17
15
193
147
114
133
49
13
71
3
198
166
200
129
115
193
81
92
20
188
190
12
5
190
52
126
30
67
11
80
86
6
123
194
124
111
160
90
64
55
75
62
146
8
166
65
131
104
52
167
62
86
74
59
128
70
140
11
45
124
40
126
96
30
135
125
3
170
192
114
55
109
55
102
19
78
57
13
105
21
112
184
138
156
95
23
194
107
54
180
178
54
152
10
18
69
94
19
85
161
6
10
182
120
17
180
164
107
94
6
73
9
45
159
87
186
158
57
51
153
66
131
83
72
186
72
191
72
106
160
147
188
132
3
131
105
5
77
147
159
110
116
136
40
6
191
37
8
74
166
57
198
195
124
97
78
200
114
77
59
191
2
51
33
51
38
47
70
28
123
172
24
50
72
44
33
106
61
176
134
135
7
21
61
42
84
167
2
184
74
90
114
157
126
72
124
188
54
64
9
98
4
164
167
2
137
12
80
184
16
170
100
159
179
2
109
177
161
150
177
66
75
131
72
97
42
8
126
74
95
109
72
177
200
50
51
75
151
127
198
56
61
95
169
60
145
127
9
28
32
116
177
28
148
134
7
112
116
74
55
83
156
18
1
16
13
19
19
70
147
75
135
139
76
124
38
176
131
32
106
72
146
82
126
140
178
16
144
53
49
155
116
175
24
26
184
3
191
179
18
28
124
26
58
37
69
190
105
169
178
144
175
83
184
18
187
111
26
145
42
82
40
25
55
21
137
106
188
68
90
29
186
189
187
168
155
74
35
152
62
141
154
8
52
35
136
71
42
111
31
74
90
5
25
38
127
92
101
108
15
56
53
156
39
184
47
36
171
83
65
135
15
156
178
105
41
12
28
133
78
54
33
135
97
75
63
68
174
7
135
20
103
111
188
104
25
5
197
10
144
26
163
105
97
80
107
34
118
12
3
59
96
79
1
51
98
3
171
159
113
156
10
103
183
118
83
35
82
161
57
20
41
95
108
9
40
50
95
154
133
133
82
111
10
41
112
107
33
25
191
112
132
38
49
4
144
168
186
194
155
153
18
159
124
56
156
41
197
67
181
85
57
37
149
83
164
27
93
64
10
196
69
170
117
65
99
3
36
195
151
81
168
24
168
95
100
91
95
185
69
141
99
199
122
195
149
15
142
77
7
89
25
92
18
34
46
29
94
34
185
83
14
88
27
131
108
193
178
12
165
29
164
192
104
28
152
84
70
28
29
192
121
198
176
13
73
35
182
131
39
194
20
67
181
80
5
84
156
37
46
83
36
184
155
173
70
67
153
48
26
148
111
161
106
37
128
63
14
134
68
105
140
181
59
138
160
187
48
16
86
125
195
184
128
171
85
13
149
8
169
20
198
21
100
140
114
13
80
2
123
198
89
6
64
162
119
150
147
99
129
166
5
157
133
169
9
89
40
103
158
65
94
28
83
83
73
21
31
99
189
176
30
187
130
34
200
182
88
168
185
106
183
96
20
196
39
167
159
96
145
168
5
88
70
80
20
2
195
114
65
138
62
190
133
126
120
35
14
93
67
51
137
1
25
42
90
121
9
93
7
12
37
92
99
141
199
108
155
149
160
24
142
175
190
106
13
7
177
59
94
28
191
163
157
7
152
154
40
5
71
19
11
71
76
136
58
92
192
129
96
137
57
6
84
5
160
55
181
11
111
139
65
94
7
164
139
89
129
168
67
153
108
94
30
1
65
69
148
165
160
187
100
85
184
12
79
92
56
82
112
98
162
52
171
53
112
111
81
159
195
19
43
34
25
132
103
35
56
37
183
39
13
136
192
13
81
13
143
88
112
85
69
4
172
167
8
172
197
38
52
19
10
29
89
91
21
134
167
92
117
144
33
185
53
168
89
43
17
156
90
115
86
122
185
48
90
22
141
163
122
194
41
199
23
61
182
20
113
96
106
181
152
20
198
124
10
134
17
52
86
100
80
63
29
134
153
40
105
157
22
67
165
123
146
126
141
37
51
134
63
41
57
58
18
119
59
21
139
126
115
152
173
123
54
113
94
86
187
93
168
194
63
24
59
25
180
106
105
166
135
44
144
171
86
136
103
175
33
84
115
73
15
58
81
139
2
124
136
49
76
68
171
177
186
190
184
54
162
13
3
16
38
89
52
92
166
192
46
69
174
199
152
167
28
3
136
38
57
193
151
41
100
150
72
86
48
16
29
69
46
105
169
5
29
180
109
146
158
143
156
7
136
15
143
107
171
128
190
178
146
157
106
119
7
145
193
37
101
174
44
188
182
165
110
64
44
138
135
15
44
174
149
38
104
51
92
167
184
10
125
102
189
148
65
130
191
80
131
104
29
87
110
58
101
153
7
140
98
77
68
135
119
23
106
83
139
17
114
16
98
13
34
48
70
89
17
45
77
30
129
169
102
10
7
170
168
67
176
30
169
131
63
193
60
159
190
197
5
73
28
16
2
191
120
29
118
115
147
49
43
92
1
88
132
69
184
120
168
58
73
62
43
141
79
100
36
125
77
152
20
8
5
195
27
85
147
61
110
189
130
169
127
124
27
141
79
14
139
15
194
52
60
119
170
164
22
200
139
122
168
85
147
184
53
91
29
127
5
60
181
22
193
166
178
160
199
68
35
58
36
167
130
116
167
114
45
91
194
51
51
33
4
171
174
120
186
190
180
78
34
4
43
196
126
195
107
116
163
38
130
174
40
22
84
67
145
186
25
100
190
102
189
132
144
156
194
191
102
175
79
35
77
182
46
61
122
103
97
164
2
138
124
101
132
86
184
91
142
48
62
110
127
67
135
38
69
31
100
184
168
127
106
76
199
111
100
136
132
21
54
20
58
1
124
111
50
120
117
16
79
113
181
31
47
110
53
76
13
19
189
122
80
62
130
58
106
182
194
107
145
107
34
160
62
120
160
171
60
14
89
101
41
30
186
80
149
54
58
40
167
11
60
178
113
9
45
29
55
13
130
36
42
57
170
67
182
66
100
149
193
160
153
111
20
194
166
63
43
111
132
10
101
75
37
7
101
40
54
161
178
147
46
176
199
127
78
124
39
171
68
76
109
45
96
117
143
6
114
151
47
60
1
1
109
110
164
40
88
3
51
50
2
116
5
199
148
60
159
105
47
46
48
51
38
48
30
121
13
92
184
126
81
49
128
7
110
110
92
174
88
117
160
75
178
73
73
122
123
183
112
98
74
89
24
50
46
158
63
2
5
175
155
46
59
12
40
137
149
200
40
77
145
4
36
187
90
180
142
178
167
26
23
41
107
152
45
41
54
35
186
118
144
100
115
126
18
88
68
140
98
160
116
127
98
159
55
65
48
148
132
65
38
172
95
4
116
58
148
12
26
106
150
197
5
123
185
145
111
116
9
151
87
127
43
50
131
163
83
148
144
134
73
177
144
28
90
193
197
182
35
199
146
191
8
21
128
126
176
159
119
100
64
98
83
134
79
58
111
188
93
190
83
102
56
36
31
12
27
171
155
101
45
26
70
57
99
46
25
14
96
185
164
176
50
147
58
162
129
170
144
36
162
180
32
119
108
3
184
75
111
61
6
131
72
18
91
182
167
50
15
90
114
5
178
123
105
136
192
149
69
195
47
68
101
196
40
98
42
100
34
129
54
153
190
87
40
11
80
23
69
82
162
178
71
62
87
94
76
21
103
134
129
40
52
44
111
57
81
123
92
133
143
70
198
121
121
18
52
166
100
143
102
194
166
188
75
68
68
81
163
18
52
34
4
155
192
53
169
182
61
74
97
86
121
147
108
34
31
104
141
182
113
121
121
34
129
178
21
165
5
90
196
87
52
3
10
29
67
161
66
152
145
75
94
182
129
13
157
89
192
146
122
161
87
150
173
39
128
110
87
124
93
99
52
140
151
7
22
63
24
10
134
39
51
150
12
187
187
61
149
187
28
67
106
24
140
6
146
107
167
2
129
196
39
193
158
158
188
43
141
127
26
190
124
112
55
156
179
86
144
16
104
115
166
32
140
159
64
97
26
159
69
126
68
23
29
198
79
188
71
77
12
165
15
40
173
33
67
14
48
21
148
124
68
126
151
54
193
48
143
122
113
96
89
114
19
165
105
12
55
11
8
60
103
144
68
107
131
143
105
143
99
187
162
197
41
191
18
72
189
125
96
63
11
127
28
153
37
149
196
99
96
109
140
121
136
78
44
197
98
40
71
158
125
91
41
4
198
182
62
9
103
68
184
86
20
145
110
63
125
105
48
190
73
138
106
1
189
49
56
85
138
15
78
158
140
33
9
4
197
33
101
62
91
1
192
115
117
136
15
125
13
10
189
152
96
7
154
140
158
135
81
72
89
166
10
180
171
104
111
11
60
133
179
143
170
10
45
21
100
158
13
53
142
163
51
56
20
69
63
62
72
119
45
109
54
159
46
53
131
17
48
63
44
78
36
125
72
15
151
71
189
174
100
128
174
29
81
140
61
107
51
50
123
189
37
107
114
93
134
69
116
159
118
176
75
15
141
72
41
97
161
152
187
188
176
100
124
89
186
133
53
167
152
100
176
43
22
116
46
197
156
71
175
3
150
132
166
29
93
160
16
126
10
108
192
50
112
55
49
42
40
161
112
44
79
13
149
44
167
190
115
57
139
72
61
197
149
191
77
9
106
5
96
50
154
153
135
48
195
120
149
196
45
19
75
41
147
113
144
171
172
89
151
62
126
43
31
166
68
172
159
79
21
73
146
66
18
65
78
81
1
54
98
112
153
86
165
119
35
14
41
167
179
132
39
47
63
177
74
93
118
189
100
2
102
72
141
188
112
103
176
182
155
47
163
136
100
27
16
61
12
149
88
48
115
116
32
72
152
171
8
86
141
4
35
1
19
10
106
56
135
118
50
61
94
174
141
158
141
183
179
195
184
40
124
166
76
78
90
20
172
4
153
170
87
41
138
127
119
114
68
137
189
156
116
121
87
172
148
8
151
7
89
154
181
192
3
28
179
124
147
27
11
170
179
161
18
173
6
21
104
25
64
106
54
115
142
23
98
17
32
107
104
63
124
35
114
98
196
154
114
34
99
152
58
91
35
77
153
42
142
23
28
130
40
88
61
34
30
15
146
184
83
177
142
112
191
89
102
14
4
150
145
154
143
36
174
11
95
102
157
33
104
18
77
189
137
20
168
104
89
102
23
185
173
106
93
65
192
71
153
176
189
72
116
14
29
165
80
144
160
168
115
97
66
40
33
49
95
167
165
95
78
94
9
193
83
171
111
110
45
166
33
172
68
122
190
80
54
167
124
92
53
60
34
95
7
187
58
198
71
14
64
176
93
71
179
129
61
167
200
166
66
156
33
12
167
142
150
41
165
128
30
104
141
6
73
137
193
101
60
72
170
81
109
185
103
1
90
70
79
20
178
173
165
42
192
184
189
149
195
200
70
42
57
184
60
77
151
118
9
83
27
44
16
132
147
99
189
27
44
138
136
25
192
192
138
143
179
200
159
4
187
200
174
190
41
88
7
68
95
91
188
147
52
108
175
46
41
158
155
124
176
124
155
108
147
189
43
126
104
51
188
157
104
2
106
125
85
82
182
104
103
148
177
99
36
74
49
195
179
180
29
38
20
161
89
65
98
18
53
26
92
90
197
89
95
164
35
29
82
149
13
155
161
31
138
100
124
161
116
15
131
2
84
4
164
170
115
125
73
143
139
98
196
24
99
4
92
191
57
180
174
107
108
11
198
1
121
22
66
165
35
199
64
139
120
60
98
112
130
81
164
35
193
54
52
96
80
173
142
187
171
130
137
130
193
2
144
116
79
4
37
41
43
128
108
8
110
153
88
149
18
85
80
44
79
1
191
185
108
179
151
21
97
73
75
159
189
1
13
28
1
157
104
62
31
112
176
131
43
150
97
118
197
70
157
69
115
183
171
154
61
61
36
16
127
101
117
146
158
78
101
175
117
129
111
3
43
108
169
141
134
163
17
11
194
161
166
108
178
177
198
111
107
86
29
110
46
145
18
97
115
170
167
170
126
40
40
162
21
70
2
62
184
39
73
117
69
183
101
101
72
127
129
181
196
11
173
192
63
150
132
160
12
137
82
30
75
179
121
58
183
22
9
67
30
62
196
27
158
71
10
137
148
113
62
152
97
3
27
136
189
77
182
160
15
54
73
114
196
121
114
197
38
188
74
14
100
131
45
144
116
102
152
196
170
126
106
54
159
120
199
48
68
188
99
10
75
195
164
112
110
10
159
174
99
122
101
109
139
100
12
121
195
31
167
162
155
62
15
135
181
154
11
135
57
25
184
167
118
103
193
96
112
11
51
169
142
109
197
19
185
74
149
173
107
42
140
102
70
32
122
148
134
52
9
116
177
50
152
7
13
86
90
97
92
63
109
58
194
143
80
150
164
162
11
135
3
170
153
160
48
164
172
73
7
192
105
55
89
115
18
195
199
140
16
115
189
62
158
63
172
11
16
123
81
112
60
146
84
127
16
75
175
66
106
146
64
131
64
51
95
101
33
10
168
152
59
43
119
6
53
68
184
185
66
150
34
77
104
107
117
126
20
134
131
72
140
77
153
169
64
114
61
188
131
198
105
148
4
53
58
66
69
15
112
144
36
23
121
182
20
55
47
79
22
161
13
126
105
61
21
152
175
178
57
58
171
78
17
30
162
157
155
77
31
198
185
183
153
64
35
117
119
117
144
171
141
123
138
18
82
35
157
25
93
11
9
19
67
47
184
58
193
67
194
7
141
177
72
70
94
39
104
8
114
86
113
159
185
200
3
177
88
200
61
6
13
83
80
1
28
112
78
117
25
147
83
149
31
187
5
44
28
44
149
123
120
147
195
35
88
144
172
178
9
191
98
78
92
34
91
8
90
142
74
42
125
166
1
14
108
163
119
180
116
13
102
106
130
123
41
48
112
126
177
48
35
138
101
95
115
35
92
82
63
127
129
40
130
170
143
196
159
20
157
98
23
141
99
68
166
171
74
145
174
44
110
98
171
172
4
149
160
18
16
87
75
181
165
29
73
191
35
30
130
138
142
166
56
183
51
138
189
139
124
127
80
31
5
105
91
31
142
165
66
79
137
46
3
165
133
180
104
2
23
66
76
139
31
114
192
186
69
200
18
8
14
168
41
14
172
87
190
82
28
193
4
160
178
1
65
84
124
195
179
129
134
89
89
123
106
129
122
52
172
120
43
44
139
181
44
51
83
33
196
48
133
169
102
72
43
102
161
26
112
83
130
128
116
152
39
56
118
103
122
50
38
162
127
134
18
11
114
104
158
54
88
13
150
6
5
103
172
58
140
50
94
37
158
111
84
96
79
41
46
156
167
67
132
19
25
47
4
70
165
106
128
5
51
157
7
92
28
103
9
94
69
112
88
174
25
70
160
45
10
12
13
93
67
22
55
14
136
152
29
200
107
3
174
120
113
8
67
42
44
58
5
153
106
153
35
77
34
196
180
48
16
138
3
132
144
54
40
155
124
134
17
118
103
49
123
196
68
165
125
191
95
80
1
193
155
22
74
200
169
179
121
36
63
182
49
187
108
134
140
87
62
51
31
58
188
79
115
1
162
26
104
43
135
92
176
131
92
71
11
142
64
150
89
65
43
9
173
134
17
139
35
40
30
156
180
47
162
70
3
140
118
10
98
94
123
142
11
60
174
30
150
171
193
45
177
190
186
109
26
21
167
100
3
151
129
151
17
74
188
194
179
194
196
134
33
46
173
93
91
67
198
113
143
175
108
74
150
106
59
145
51
86
105
154
135
61
182
49
143
198
124
17
188
106
157
19
53
165
149
182
47
33
125
123
144
117
82
40
136
123
55
65
80
132
185
145
95
19
151
121
96
113
126
66
34
124
193
69
11
29
196
82
81
175
10
82
173
184
22
59
139
199
175
139
110
80
176
23
156
132
132
84
161
9
46
170
136
96
192
72
23
98
60
11
3
106
53
11
93
10
190
154
146
166
195
63
114
188
45
180
20
156
182
163
191
183
86
114
62
158
73
70
144
107
12
61
7
66
175
93
148
142
159
194
154
7
23
18
96
4
92
171
178
125
46
54
94
194
70
31
117
85
83
88
7
138
73
88
121
131
131
29
42
117
90
61
71
110
190
82
163
175
101
78
47
56
170
151
88
197
11
129
154
34
126
180
99
11
111
8
190
190
46
177
32
37
21
193
11
27
162
118
6
187
114
45
163
96
32
54
94
41
147
4
60
108
145
102
21
30
27
70
117
160
20
188
23
82
188
154
200
172
55
32
175
48
139
91
132
13
81
63
78
62
133
170
10
49
102
7
11
186
116
135
198
178
113
43
144
1
176
138
191
12
8
47
97
90
78
94
94
166
140
38
190
134
19
129
46
47
38
67
89
128
26
6
161
123
148
133
100
24
191
1
60
106
127
7
53
18
122
16
52
129
33
176
155
49
10
199
76
50
46
78
164
61
145
149
13
69
34
20
182
143
191
31
85
193
61
1
103
95
70
118
141
156
59
192
168
12
174
104
14
109
139
90
198
66
139
90
8
73
154
6
25
138
93
199
117
87
8
125
26
180
186
173
86
44
52
126
20
63
183
2
71
7
177
136
187
22
148
101
48
79
87
104
76
129
33
78
70
115
59
85
29
37
5
175
169
79
117
2
77
49
122
145
120
2
45
133
158
117
153
146
134
129
21
153
188
188
140
55
147
109
77
68
72
52
184
10
41
102
159
146
163
111
69
173
43
94
98
95
79
167
118
66
1
106
63
139
43
174
26
196
107
6
193
148
179
148
163
17
65
89
19
107
97
2
176
70
72
124
152
67
183
108
183
153
91
29
28
142
63
7
195
3
128
144
134
132
164
181
173
64
39
64
4
73
196
39
29
11
198
27
80
185
7
111
55
141
184
33
59
121
55
17
14
59
32
138
63
199
143
68
188
194
30
119
175
37
2
69
96
91
88
65
52
64
103
80
134
186
107
85
131
50
66
180
135
124
3
47
197
147
58
76
29
21
172
175
140
189
112
11
180
91
175
154
28
9
96
60
19
72
176
123
45
74
166
85
46
26
111
168
200
127
8
79
126
80
155
144
139
86
155
170
139
156
106
103
33
73
37
62
172
116
130
92
180
10
139
29
155
105
161
27
91
84
1
180
92
42
38
145
33
182
39
173
128
23
121
9
30
118
78
116
3
44
57
68
10
69
196
157
182
102
182
35
11
93
141
106
163
2
49
53
145
4
196
79
136
116
173
77
125
43
86
14
159
56
108
186
120
148
54
108
46
173
153
150
3
36
101
199
78
46
130
128
99
43
145
177
56
195
47
172
45
199
9
185
47
158
160
24
133
84
136
150
135
147
17
33
153
102
61
34
128
82
139
161
58
175
10
185
86
190
15
39
177
142
177
100
98
155
81
28
152
25
6
125
21
105
29
179
36
123
88
127
104
191
55
107
62
77
173
49
149
137
39
100
5
76
59
68
58
192
32
37
90
14
167
58
194
144
191
183
106
104
107
50
118
13
110
25
161
189
64
133
153
146
153
116
14
136
65
170
23
67
121
13
191
74
153
8
43
157
50
29
117
53
57
121
98
56
13
103
136
85
8
64
97
57
70
100
198
173
113
120
193
116
60
112
121
72
167
143
45
40
193
169
129
33
42
70
28
81
167
94
87
122
3
147
47
39
61
115
5
12
7
169
141
103
158
97
161
111
99
32
122
148
53
104
65
