200
4500
165
151
17
61
13
193
10
102
21
151
167
176
48
162
109
189
22
4
163
182
149
18
91
134
113
121
25
169
154
70
197
80
152
185
43
27
100
4
180
118
11
169
158
97
111
113
96
78
41
60
179
112
43
148
134
133
50
58
5
58
18
29
104
143
83
187
117
193
79
36
123
97
142
84
179
36
194
86
177
88
126
47
46
105
125
49
155
48
129
185
153
87
174
164
91
60
109
129
173
162
152
162
9
170
134
57
106
195
107
157
191
53
122
71
37
64
190
172
75
138
63
114
66
126
71
193
65
139
38
177
86
109
137
59
4
111
25
167
77
123
53
3
69
199
51
93
183
143
25
98
47
183
148
131
69
191
152
92
100
181
189
89
191
4
60
36
177
112
161
25
169
28
172
45
50
139
9
152
142
189
127
156
197
36
177
23
33
194
13
25
142
76
159
25
199
50
105
26
111
29
26
22
49
145
35
82
177
156
164
20
5
96
7
143
187
71
116
154
4
128
77
131
149
82
87
39
152
60
163
104
142
93
138
38
152
27
49
49
187
157
105
156
171
154
58
187
161
96
105
107
117
142
129
194
16
4
43
186
191
162
15
68
36
145
123
28
109
27
85
177
95
136
164
79
52
65
81
99
92
129
115
119
178
150
91
36
157
60
71
111
4
104
71
32
159
94
11
87
36
170
73
71
13
171
130
68
108
61
189
2
60
192
9
188
140
155
105
162
174
153
93
167
189
76
66
2
166
74
185
42
157
183
95
12
165
190
50
5
21
128
177
84
130
70
9
138
190
151
132
95
197
174
88
21
188
105
86
22
51
187
39
81
113
164
48
141
167
63
129
131
58
68
26
139
146
101
48
34
34
177
64
64
2
179
32
19
184
135
165
191
51
126
174
45
149
9
133
67
92
20
66
43
34
145
15
136
146
43
96
2
79
116
117
102
174
79
94
188
181
180
135
59
45
178
64
67
115
12
139
155
154
1
43
153
102
104
138
198
20
101
65
155
17
25
126
68
60
101
116
168
92
155
74
161
128
53
106
95
18
2
113
145
85
7
46
112
158
75
153
19
91
30
78
187
67
108
132
81
150
171
155
48
110
120
158
86
1
174
184
64
87
184
67
87
133
20
122
169
40
146
179
166
35
28
82
21
195
12
176
57
137
159
191
88
24
63
114
38
159
199
179
80
158
141
180
44
189
70
87
15
69
124
171
89
116
44
104
120
191
59
94
142
113
104
23
31
105
126
95
31
141
26
119
119
192
19
167
152
128
91
142
166
156
164
149
61
101
36
100
186
185
186
2
135
49
125
179
168
99
170
27
190
94
77
112
45
115
17
110
96
14
96
173
132
77
90
4
135
100
131
123
71
127
9
115
52
184
43
132
103
17
103
26
138
88
123
179
79
200
142
83
8
99
65
19
199
165
159
83
184
83
34
140
81
114
56
56
76
36
185
37
117
12
4
70
180
128
25
45
51
18
60
129
126
104
158
179
49
200
200
52
175
44
182
160
66
77
82
173
6
192
101
167
73
48
90
199
111
21
19
46
161
101
75
167
5
180
185
51
14
194
111
102
39
110
116
25
114
74
26
199
117
80
50
135
68
193
19
30
53
108
58
176
116
13
120
103
43
164
177
127
169
17
24
52
181
83
199
114
148
114
93
81
23
87
169
176
122
80
119
138
161
3
19
25
69
99
82
159
64
76
141
71
110
182
59
147
174
69
169
130
185
9
28
19
189
179
67
100
74
28
143
173
79
62
28
44
163
156
20
35
55
21
99
75
87
107
189
76
71
129
152
199
194
123
150
146
159
87
139
156
35
74
106
133
137
26
147
19
10
157
126
49
100
199
121
79
197
10
157
92
36
44
39
19
193
13
155
160
141
44
46
103
112
5
62
19
138
136
183
30
148
117
52
146
51
4
68
67
67
15
28
30
62
125
146
102
114
194
1
175
63
127
173
21
164
151
30
7
22
64
79
18
15
155
162
140
67
36
123
128
29
13
146
59
92
65
51
121
23
121
196
151
64
100
116
119
177
96
137
5
133
62
176
171
19
104
143
146
57
108
38
13
100
180
76
28
74
191
149
47
58
101
82
23
74
128
151
152
21
105
91
107
14
22
39
35
150
173
94
46
51
113
65
36
67
85
128
95
125
92
131
36
19
122
50
29
128
119
57
188
101
11
57
72
54
105
100
80
72
143
137
17
49
123
53
170
70
114
27
172
129
62
121
181
50
146
35
149
10
189
7
130
154
70
131
150
119
77
15
140
94
65
157
132
136
3
93
9
8
157
169
53
187
100
111
39
62
73
56
115
104
33
194
55
82
17
123
47
130
155
7
198
197
108
150
61
83
93
7
89
60
168
10
11
90
51
24
176
37
184
91
183
7
19
27
159
114
19
179
68
117
63
99
10
7
12
33
140
110
188
56
147
33
115
175
92
181
159
135
113
74
85
191
38
152
121
111
11
4
61
37
22
57
83
151
189
103
19
51
98
1
91
3
132
187
134
124
168
42
78
166
89
170
31
166
63
80
56
54
176
154
123
150
96
27
67
165
182
79
78
56
39
81
129
20
111
103
105
175
145
180
121
39
18
166
112
153
116
104
34
175
192
84
108
132
139
54
128
11
133
74
182
171
47
52
161
20
91
38
35
171
155
90
23
35
88
109
182
24
89
5
89
46
55
103
109
49
9
37
137
177
110
157
74
32
184
174
61
96
152
104
19
28
109
67
112
200
145
23
95
41
88
26
79
199
181
128
136
100
140
22
135
196
7
14
92
98
152
93
143
191
93
109
172
185
24
137
140
91
196
119
77
82
95
139
110
4
165
32
198
12
166
39
69
53
107
73
69
118
199
86
146
189
53
45
132
28
97
1
107
182
170
59
187
81
71
10
67
129
120
97
90
102
193
107
105
76
8
125
118
33
21
45
170
95
153
173
61
72
50
170
72
117
135
200
186
79
53
142
35
173
73
10
58
36
102
19
156
174
196
173
139
179
136
161
164
73
181
71
125
48
199
143
38
93
114
132
166
186
78
200
176
42
139
64
48
108
124
163
20
76
43
6
148
180
54
79
50
142
131
30
1
121
175
174
128
59
120
83
24
97
111
150
112
50
168
182
171
24
83
27
100
3
141
165
92
20
31
199
90
54
149
82
72
46
123
195
13
77
72
126
71
35
41
67
32
182
188
3
194
66
133
2
15
73
116
173
97
180
95
126
74
101
110
181
127
9
96
136
182
166
165
73
3
46
148
25
119
107
169
183
65
114
37
25
167
71
199
82
19
152
20
96
161
26
68
184
139
82
173
4
11
118
57
146
108
162
85
125
135
149
118
41
79
32
163
152
113
132
98
50
144
111
172
188
184
115
26
80
37
18
24
72
166
3
43
179
192
57
174
161
107
190
174
115
179
112
99
54
16
161
102
22
98
188
149
107
149
129
20
200
109
82
35
116
36
77
74
109
25
110
35
189
105
198
134
127
195
44
78
124
190
150
22
8
171
99
188
106
134
197
29
171
53
30
105
138
21
75
68
134
156
155
161
155
137
14
117
104
103
54
154
179
39
164
3
125
28
34
75
123
64
91
28
62
172
148
51
34
9
184
128
157
85
79
77
179
141
159
163
142
22
127
183
58
198
139
149
105
67
51
32
101
61
138
59
71
157
18
19
113
188
182
174
63
136
105
170
162
178
145
119
134
173
19
29
126
97
76
80
200
188
175
124
69
15
77
94
114
192
193
153
121
2
187
142
32
177
15
146
22
100
62
2
59
169
107
113
138
64
181
178
44
44
157
154
156
22
163
22
177
110
158
178
177
195
141
127
163
39
167
121
19
132
166
116
107
57
62
52
68
6
23
117
9
16
25
162
66
63
150
160
82
183
15
87
85
183
28
53
79
141
8
175
29
36
45
181
81
183
52
143
163
47
79
47
54
70
122
198
114
73
184
162
121
145
90
167
90
39
24
80
29
50
84
1
149
110
179
94
182
166
37
50
166
40
89
172
179
81
38
192
15
79
45
49
74
48
69
117
93
195
99
198
42
139
18
23
31
95
58
126
194
82
181
38
19
6
198
121
161
122
93
75
172
146
193
110
47
198
119
89
85
159
178
96
167
17
87
66
100
151
114
173
120
131
100
105
92
112
85
108
3
125
168
84
172
125
58
39
110
168
116
153
121
138
170
37
51
122
33
187
98
106
95
162
172
84
90
42
156
31
130
101
139
46
118
95
59
50
82
186
145
101
32
47
6
179
116
150
102
82
168
130
179
82
110
86
102
46
83
108
115
179
170
119
165
15
153
78
34
72
39
200
185
100
185
43
154
155
103
1
178
98
128
169
71
96
142
46
62
8
22
129
113
68
141
189
81
78
12
115
176
54
39
153
30
101
199
101
135
111
17
1
150
176
39
86
69
59
131
10
105
54
31
112
31
200
183
196
11
5
78
97
68
192
61
71
163
135
176
75
190
66
106
158
109
89
43
143
108
138
95
118
100
50
36
12
80
35
19
135
143
5
167
74
57
144
134
66
8
151
84
155
144
164
147
194
82
160
118
169
44
42
41
139
133
18
71
189
7
13
192
168
131
126
54
79
3
13
194
32
70
170
107
93
94
81
153
110
181
20
94
10
156
115
97
191
108
96
173
50
157
84
42
54
77
24
189
131
35
115
89
3
185
189
60
22
69
101
139
118
148
179
144
142
14
196
196
56
183
130
98
12
15
37
13
151
155
115
17
197
98
154
188
44
5
21
79
35
9
196
170
160
161
158
136
33
170
42
163
127
80
39
129
171
164
116
166
180
79
68
55
152
88
104
65
172
119
84
15
191
34
53
180
17
101
101
111
117
26
87
195
5
62
71
59
62
32
167
18
175
181
6
37
184
101
107
97
46
154
23
46
184
178
179
115
33
21
106
123
80
130
171
110
17
6
139
117
156
196
23
27
10
18
30
169
139
59
52
165
187
2
31
173
18
32
108
160
142
38
64
85
144
33
11
4
122
163
163
8
54
53
61
34
152
198
149
90
164
32
74
164
85
152
70
51
150
19
82
165
48
178
42
144
85
35
178
154
105
37
50
177
12
136
178
199
9
176
173
161
36
67
183
195
93
121
34
102
183
137
114
114
83
157
127
102
60
194
196
102
57
71
135
112
64
115
190
127
185
48
197
152
44
11
54
171
39
5
141
161
174
102
10
12
96
196
154
56
69
61
65
15
181
151
67
86
116
128
2
65
88
126
11
96
16
131
54
195
154
56
110
177
64
37
42
2
16
117
126
197
198
14
106
180
151
106
53
54
47
186
157
48
167
157
131
10
84
89
41
102
123
67
149
175
147
196
106
129
74
17
171
200
137
89
80
127
173
21
22
191
17
53
144
39
88
82
45
73
95
10
9
36
12
32
4
161
22
54
170
142
80
148
24
52
170
87
67
151
172
172
155
18
61
83
33
33
173
139
172
195
120
61
194
50
143
11
59
179
198
24
113
41
155
74
104
84
75
174
91
146
199
178
134
20
77
60
88
192
138
193
54
19
63
176
100
67
29
70
48
62
7
173
148
56
14
188
154
118
22
151
123
101
199
200
160
137
102
134
103
35
162
76
112
59
15
129
172
16
192
133
141
74
169
138
164
1
67
125
68
195
51
115
51
86
156
91
7
4
154
115
2
29
2
188
173
89
12
96
65
131
69
97
85
62
68
41
52
168
60
75
4
85
137
69
137
166
135
128
172
79
57
96
56
66
172
30
46
173
2
71
103
89
102
83
15
186
159
35
161
164
191
66
28
47
75
73
81
67
146
177
149
13
95
200
4
54
121
122
47
170
119
104
74
186
168
20
149
90
197
186
168
169
24
199
84
151
132
18
142
148
160
32
164
100
116
69
104
111
135
162
147
176
52
188
92
144
9
35
105
93
28
172
130
188
97
130
164
26
186
90
197
192
85
13
95
76
127
139
160
106
190
166
147
57
191
151
87
194
21
159
127
94
116
94
23
130
46
23
56
20
143
86
116
51
157
110
105
14
72
188
139
21
82
93
92
46
100
26
178
16
91
97
69
171
86
154
195
129
193
37
26
151
16
169
27
146
184
81
46
153
89
101
51
176
91
64
119
6
20
136
64
98
155
199
101
192
30
3
152
22
111
133
108
167
93
57
112
11
162
129
119
100
196
197
63
107
3
91
139
15
109
187
125
130
200
12
6
155
26
55
121
123
128
20
43
127
198
97
83
30
120
178
152
83
23
118
83
73
57
50
108
119
170
94
110
41
124
57
174
62
125
69
58
129
54
35
41
35
189
132
139
55
140
67
164
172
20
93
30
142
161
58
20
105
60
27
35
134
84
21
64
197
80
112
114
169
105
143
119
16
123
126
155
119
160
111
90
156
22
138
145
194
2
8
74
126
86
12
45
77
189
119
63
97
96
159
20
28
196
154
19
140
103
62
1
76
123
168
184
47
20
141
133
99
88
70
20
146
38
24
155
99
178
2
139
60
97
164
50
51
66
158
127
65
62
182
186
26
163
191
1
159
149
64
105
199
174
14
68
36
56
148
95
195
157
33
102
62
169
141
139
117
128
194
116
20
163
167
93
57
70
62
106
154
181
154
158
20
186
137
41
4
90
111
137
190
199
133
71
81
17
75
35
1
123
35
90
164
97
143
151
20
137
183
173
134
50
174
170
101
61
183
33
184
81
89
57
25
43
80
83
88
31
58
88
172
171
62
98
177
16
185
174
16
159
120
189
111
6
91
50
175
91
136
195
160
66
61
135
35
37
15
159
86
156
36
60
55
143
126
71
176
99
16
129
189
58
113
72
10
29
102
41
104
34
175
193
47
17
63
180
35
125
49
1
113
146
1
137
196
149
91
108
86
134
189
12
194
36
140
49
36
86
175
133
99
33
120
92
115
174
35
165
109
97
152
148
121
85
124
25
57
44
142
105
113
42
26
150
184
52
79
144
196
107
179
88
45
133
30
193
23
133
118
155
188
169
78
160
47
96
71
188
2
152
137
123
141
52
181
172
135
109
179
176
177
51
123
124
147
101
176
119
86
173
198
113
141
50
88
83
27
81
121
139
24
38
135
53
16
110
178
84
25
27
177
121
45
57
14
135
108
131
2
151
131
57
104
50
69
79
17
69
80
198
100
52
199
56
174
166
102
72
63
133
11
6
102
180
160
146
196
35
95
110
62
38
103
130
170
110
8
178
123
76
68
150
97
54
159
21
85
90
116
5
120
173
25
63
186
97
194
168
85
71
137
1
47
180
82
200
83
60
60
136
3
116
157
1
138
49
103
164
120
78
8
107
198
28
92
109
96
150
123
35
51
188
97
196
159
157
35
32
118
79
26
158
160
170
199
134
101
43
82
194
25
182
105
140
62
20
165
159
64
170
33
191
16
199
29
89
151
54
118
92
35
118
83
66
81
91
69
41
172
103
27
184
42
126
68
139
172
111
17
199
197
156
84
110
179
197
150
14
143
158
126
123
101
162
192
181
96
32
63
86
136
10
20
66
74
170
59
76
23
157
35
112
50
196
80
106
21
191
84
129
9
3
55
6
188
177
167
6
140
65
133
33
89
79
84
53
100
191
106
26
64
63
149
122
198
66
77
16
134
164
50
109
24
83
104
73
48
192
105
82
131
153
55
25
95
114
9
103
140
167
158
149
53
151
123
22
51
180
161
157
9
62
32
11
172
142
87
105
111
42
72
157
61
112
27
140
44
123
112
172
178
97
23
126
199
171
172
186
4
179
116
144
97
138
1
199
86
171
63
166
29
182
39
176
3
100
79
71
142
111
146
77
132
153
24
23
126
22
122
168
120
125
5
47
174
200
36
145
156
166
44
124
140
56
166
75
55
12
188
165
74
120
140
176
105
80
160
105
115
34
2
165
178
161
163
17
74
152
10
65
43
62
20
123
92
138
65
72
124
33
92
10
89
81
2
193
162
145
117
42
77
172
60
47
111
91
180
11
174
19
8
6
141
19
59
60
154
191
29
137
192
82
21
121
173
152
85
28
36
159
78
186
172
116
125
182
85
66
121
179
150
192
62
92
124
191
29
109
113
2
78
18
99
144
148
181
142
48
148
4
1
111
101
17
173
132
8
186
69
42
196
34
93
155
21
105
171
133
117
179
124
73
179
107
27
197
186
23
35
4
72
158
55
65
191
51
37
161
180
177
5
143
39
173
129
164
78
146
57
66
169
6
149
77
98
136
122
4
85
125
9
164
131
47
159
197
109
58
48
162
178
63
4
68
189
170
28
41
10
47
173
196
68
40
188
185
76
139
69
119
79
87
5
52
9
158
150
62
182
198
102
198
82
112
185
150
55
104
11
46
9
194
21
151
8
30
46
137
142
127
4
46
38
181
67
76
75
72
81
63
133
87
8
133
49
111
67
115
160
50
191
56
125
128
138
109
173
120
190
31
105
24
14
140
180
173
56
40
180
177
11
123
16
191
27
120
133
188
10
161
139
117
153
6
170
138
121
87
49
20
162
127
166
188
82
8
176
79
107
131
163
51
10
63
178
16
129
94
82
28
140
182
61
36
173
152
160
60
16
1
130
142
157
132
68
37
111
108
195
98
104
44
3
20
163
117
200
180
109
52
186
200
199
123
4
55
99
68
166
63
30
177
134
162
148
158
113
178
39
14
159
45
61
177
31
161
172
152
35
106
196
154
22
129
125
182
83
108
76
147
101
109
95
18
197
147
122
151
82
169
146
135
93
171
43
100
55
60
158
29
94
175
76
68
157
75
22
42
114
23
4
52
8
153
125
22
35
191
174
175
102
144
5
15
12
166
167
34
170
169
30
12
17
172
193
158
180
147
51
1
186
23
169
200
146
14
77
15
199
193
168
161
92
173
109
108
180
37
14
139
54
49
56
57
48
81
153
9
86
84
71
66
2
45
151
154
49
198
20
91
125
159
12
69
171
49
23
120
54
110
108
123
6
170
81
53
190
132
32
37
147
138
60
163
136
172
16
24
41
4
83
110
10
5
124
154
124
64
16
24
170
70
56
145
60
15
180
97
110
115
54
3
161
67
24
142
123
72
103
192
44
26
24
103
44
49
179
36
197
99
39
5
122
16
186
104
186
54
117
119
41
9
156
195
51
51
48
170
29
47
63
185
150
200
129
172
40
25
141
166
67
200
39
160
93
120
162
93
114
99
103
85
17
61
63
76
66
46
27
195
44
125
196
160
110
3
189
26
61
63
36
128
38
83
55
66
149
91
89
8
193
67
6
120
31
2
10
49
113
197
140
115
83
64
160
115
11
55
145
197
88
167
78
119
96
95
82
121
79
19
2
55
157
7
156
48
88
147
154
157
174
89
193
24
95
45
69
108
109
8
12
78
1
142
138
194
166
17
164
116
129
86
3
176
156
175
110
32
77
132
183
16
179
125
169
42
197
195
160
99
44
148
51
177
12
151
108
81
150
119
111
67
122
129
178
85
128
157
130
57
58
68
148
187
113
140
72
31
18
59
154
166
180
115
17
199
35
96
128
40
144
53
16
128
40
140
160
159
114
99
105
162
164
130
103
174
21
75
114
179
53
111
89
187
115
58
39
53
110
29
68
163
118
152
161
19
158
134
40
99
81
144
137
186
159
199
86
155
98
89
58
16
195
26
127
96
53
60
83
122
41
71
96
188
69
150
130
138
78
196
64
47
127
161
169
36
146
27
81
49
39
49
9
177
165
141
180
198
51
144
52
145
25
153
178
104
120
105
3
117
55
147
114
171
82
105
161
150
97
200
99
109
174
193
121
168
197
183
158
28
29
168
73
153
104
162
168
174
162
189
194
62
15
195
121
4
16
24
100
85
169
174
164
94
135
23
46
45
58
163
131
119
120
120
55
97
93
101
121
17
13
138
186
48
7
102
66
34
68
82
79
24
190
158
89
191
131
11
83
192
13
11
39
61
169
43
126
10
8
155
152
121
167
24
153
83
194
135
9
27
159
180
21
98
179
187
85
181
31
129
16
98
90
42
14
174
37
137
98
19
106
167
81
53
85
188
35
157
106
43
187
35
125
135
127
73
179
120
71
102
5
153
117
143
178
159
137
137
74
7
117
52
119
102
105
85
184
32
137
102
179
89
26
12
88
35
39
145
110
165
25
89
81
116
29
105
150
167
101
51
54
101
53
4
175
38
87
183
102
132
177
38
162
