200
2500
76
26
67
54
28
96
80
39
76
87
140
85
100
7
73
54
172
39
175
67
33
58
179
126
44
185
168
163
132
67
105
96
62
154
71
117
113
3
103
103
72
127
118
19
117
175
139
52
106
32
194
181
120
200
129
29
18
149
181
106
49
91
105
177
109
167
143
28
177
78
1
130
21
109
26
55
34
54
106
16
36
82
40
129
184
136
81
66
108
11
188
73
116
145
71
139
165
118
29
142
2
77
106
115
124
37
38
181
196
146
152
40
45
29
61
133
175
69
108
21
159
138
62
58
145
56
40
80
51
75
135
12
36
155
98
44
155
136
45
123
13
80
106
80
46
173
8
13
184
94
165
163
47
139
93
8
61
83
8
111
35
193
156
81
200
100
155
101
197
194
140
119
109
120
171
165
28
52
166
99
168
71
63
11
106
144
96
173
115
165
69
55
196
31
104
72
23
195
150
110
22
53
58
82
9
99
48
149
148
120
198
79
112
67
174
186
162
79
145
108
66
185
3
100
101
182
47
24
113
92
151
39
1
8
28
93
54
180
32
77
186
121
189
138
54
91
191
66
109
195
61
177
161
98
106
129
133
137
27
83
68
153
31
198
65
42
134
25
114
27
114
121
29
172
59
21
22
37
162
35
28
3
106
134
134
172
17
48
125
110
82
151
63
142
51
165
3
19
77
117
128
153
79
59
196
52
117
16
186
139
105
23
26
90
70
17
9
144
17
129
63
97
149
192
160
14
166
29
169
138
106
146
27
138
64
109
143
66
57
2
115
53
21
101
165
103
40
8
196
8
174
175
161
33
41
182
157
85
167
110
130
158
130
182
54
115
91
157
49
160
92
189
170
54
138
64
166
72
69
84
30
76
185
177
191
19
112
79
194
68
35
182
98
75
174
192
135
102
104
92
136
41
115
124
112
192
142
144
50
23
126
71
123
193
148
7
92
97
130
177
73
45
130
93
64
120
27
2
100
109
138
4
41
165
87
17
161
26
173
96
164
179
172
118
196
18
108
54
81
172
186
13
81
73
174
192
138
195
7
153
29
142
56
103
194
125
21
1
89
70
121
20
9
83
132
79
32
119
116
108
75
191
110
48
42
6
77
26
152
157
138
57
87
17
50
115
177
27
199
144
170
22
175
22
151
129
175
122
163
127
187
103
160
33
33
192
193
59
182
165
17
5
93
147
197
152
74
167
131
116
152
41
100
55
146
23
146
187
198
62
183
112
47
19
95
78
122
200
65
123
44
153
118
120
170
9
79
114
56
90
39
95
57
148
172
7
182
43
97
75
142
154
97
165
8
105
130
196
49
192
17
188
135
162
99
63
95
180
145
151
40
24
114
71
38
151
101
140
73
15
43
150
38
37
56
39
17
33
109
27
130
153
101
129
63
161
84
5
101
24
147
61
21
177
84
154
94
195
45
34
25
149
170
74
80
158
155
34
77
125
109
186
8
90
6
147
186
30
122
63
150
104
23
6
171
155
45
149
5
41
93
62
87
145
166
177
130
93
51
143
125
58
40
122
128
11
28
134
80
59
83
161
163
27
187
127
128
94
72
164
195
26
151
71
132
123
84
28
172
147
148
83
28
107
6
16
9
124
176
107
74
4
154
153
190
139
115
4
152
120
51
180
23
170
166
9
100
106
31
49
4
42
15
178
122
106
199
147
75
42
1
181
61
32
56
43
126
154
123
27
143
178
62
132
16
8
34
31
139
75
123
81
8
122
28
53
91
54
71
163
96
72
47
162
160
5
179
121
99
33
114
44
170
58
132
142
27
124
101
51
27
85
158
61
153
178
196
116
184
190
11
13
125
97
2
160
138
29
86
32
23
53
121
79
11
48
171
147
121
3
137
156
164
60
93
72
198
136
100
57
112
129
84
4
109
188
87
101
109
188
126
20
165
160
29
17
158
170
80
132
29
57
169
30
142
100
26
162
126
159
77
69
62
78
37
97
44
64
87
59
64
125
19
54
181
95
7
94
152
101
74
16
18
99
95
134
77
193
91
67
194
102
192
110
48
27
48
187
127
66
75
109
62
152
97
87
161
141
66
32
142
193
111
138
64
69
77
42
118
63
129
155
103
85
17
74
200
136
4
86
158
144
47
112
135
199
74
120
85
187
59
49
129
52
194
180
109
181
181
64
111
118
133
128
188
72
32
177
185
136
72
131
24
190
99
126
58
98
40
196
119
131
119
65
153
126
107
125
4
165
94
86
185
32
42
81
17
188
151
26
70
22
63
76
5
138
57
81
164
33
9
80
130
6
35
44
158
138
59
193
187
5
92
195
92
42
188
192
108
104
184
30
180
87
6
112
97
75
76
95
136
172
151
174
119
65
137
87
20
180
40
47
142
178
56
39
198
181
166
39
29
191
111
130
74
152
46
86
196
138
166
103
106
145
153
88
169
150
30
178
67
105
42
108
60
69
181
19
122
189
44
183
93
121
45
26
192
39
152
42
158
58
162
80
151
37
5
191
24
7
40
183
155
142
66
138
22
158
49
143
152
137
29
117
18
104
131
154
54
187
89
12
11
67
87
44
30
62
99
149
54
4
5
71
140
25
80
139
37
3
6
12
92
187
157
28
115
27
5
103
94
67
57
144
122
102
121
19
61
18
178
73
199
175
146
28
173
107
64
193
114
45
33
104
131
138
74
183
26
166
1
132
160
35
67
43
29
147
35
108
132
6
33
27
41
34
126
20
184
197
146
56
30
144
59
40
120
77
139
116
170
167
185
100
59
55
40
117
118
43
197
94
49
75
129
105
20
2
79
154
136
177
118
53
174
85
191
134
167
96
86
121
84
69
191
194
27
112
183
166
38
57
16
70
146
73
97
138
159
127
147
154
92
55
155
127
118
187
187
88
11
21
26
55
53
101
60
193
112
31
98
7
140
97
198
14
3
196
146
75
128
115
91
139
41
171
29
86
55
24
129
187
172
71
186
16
95
139
74
37
147
47
14
41
187
198
40
168
164
84
13
123
28
8
117
92
128
2
41
10
123
112
117
31
85
123
18
8
168
57
32
180
128
176
141
182
138
55
31
175
154
195
27
180
78
59
179
179
138
166
80
184
119
103
105
62
154
131
78
148
76
164
181
134
94
194
116
85
5
185
145
199
192
101
73
154
21
63
41
15
176
154
145
187
200
150
167
52
119
70
110
86
105
186
52
130
31
179
151
169
4
81
90
118
183
195
46
174
87
66
123
162
52
81
59
138
114
158
104
177
61
111
6
179
149
11
114
167
100
129
64
39
62
44
22
164
96
159
192
144
35
144
191
16
100
158
192
114
11
61
1
111
151
107
125
19
2
186
181
131
161
73
67
60
173
34
136
179
176
107
176
14
114
93
109
123
93
76
38
110
12
123
110
178
16
123
47
39
175
64
57
190
145
38
109
198
38
139
102
170
67
100
11
83
174
53
17
109
157
142
9
99
157
171
164
73
191
126
70
150
52
37
191
92
122
147
16
196
23
66
69
6
16
9
116
86
133
54
49
171
99
176
185
167
87
97
76
166
141
66
126
187
87
153
10
118
7
109
118
128
8
108
67
199
4
179
25
19
195
82
52
92
65
121
198
96
57
142
190
133
167
119
78
46
97
167
12
181
158
59
80
197
116
79
110
61
77
146
30
37
55
11
39
155
180
63
51
110
153
53
108
30
187
73
35
149
122
172
105
199
195
31
158
155
120
168
8
24
154
101
35
127
147
61
96
107
119
131
36
186
60
134
6
197
11
152
2
142
57
132
64
194
92
136
135
43
5
91
137
68
79
47
34
169
145
62
170
80
152
71
26
127
83
183
58
113
165
81
172
191
150
128
81
93
23
55
124
6
43
171
46
117
78
152
95
156
87
159
97
90
196
38
66
137
72
168
173
71
64
62
85
54
155
149
120
130
152
56
115
62
72
33
48
183
182
165
92
147
143
133
193
162
49
158
171
117
3
99
25
137
113
74
48
10
128
183
149
197
110
30
26
108
142
2
181
114
137
34
83
66
179
40
164
160
120
149
78
96
42
24
22
200
62
111
65
51
10
105
11
177
60
28
92
186
18
88
55
8
180
183
6
37
154
159
95
41
141
98
97
61
88
87
92
54
95
3
180
85
195
97
190
41
152
9
8
88
141
178
34
10
20
158
11
129
188
188
142
195
86
84
153
5
14
136
90
6
38
134
142
149
110
89
96
76
95
99
9
141
23
152
174
132
44
187
113
83
167
149
11
160
170
4
102
165
186
34
114
28
146
200
136
176
167
108
195
43
40
157
139
102
32
117
36
198
47
29
24
163
108
35
67
75
67
103
150
153
35
128
169
167
158
37
96
19
42
85
40
127
178
9
88
105
84
136
28
91
56
112
154
122
23
97
46
28
139
71
63
2
39
49
33
159
129
5
151
11
11
51
150
55
172
188
19
175
183
22
30
190
68
3
133
189
3
72
173
86
2
73
102
40
112
109
147
68
113
165
54
104
67
184
150
194
4
85
74
6
91
60
98
5
125
193
36
193
124
80
98
179
82
129
182
180
196
126
23
130
107
89
110
131
79
172
130
59
145
113
197
101
113
155
88
77
140
16
34
22
98
96
168
55
6
50
15
91
75
53
197
29
101
92
53
40
43
147
187
16
66
101
98
122
1
17
107
109
196
91
200
73
89
158
45
200
6
121
140
54
136
24
152
161
35
101
148
198
127
170
118
45
172
184
153
196
43
61
104
119
166
10
15
39
137
175
32
87
107
111
100
35
127
4
46
112
179
140
181
6
121
74
81
110
182
114
178
120
31
151
54
110
172
43
29
34
100
83
147
136
142
83
181
196
40
37
26
77
106
180
140
190
142
107
200
12
172
193
74
22
89
25
189
129
132
148
195
104
153
192
133
14
19
165
94
194
140
132
198
57
146
195
122
136
64
48
198
28
90
173
128
131
183
82
28
163
29
164
91
177
35
41
137
123
92
32
169
163
21
94
58
40
19
99
45
6
108
166
103
132
42
125
155
119
89
89
197
169
70
150
4
54
1
67
87
54
55
93
136
149
129
67
150
69
89
21
182
53
199
97
198
41
124
16
120
197
163
15
13
73
108
122
172
45
12
167
35
117
184
143
31
128
48
144
133
180
88
185
80
130
99
40
185
170
20
118
79
83
84
91
80
69
97
49
75
194
144
176
149
164
87
129
12
139
34
133
25
163
74
54
83
102
82
105
45
78
72
130
37
12
137
177
49
50
93
157
165
105
137
19
23
24
140
123
173
39
183
157
36
193
50
82
5
161
81
188
91
74
147
71
91
54
65
76
179
138
108
60
18
90
54
98
68
22
31
66
61
106
123
53
5
96
21
152
77
143
144
8
162
186
200
156
11
28
39
100
167
113
186
47
121
124
91
50
139
61
15
66
126
22
179
188
155
110
163
176
58
198
162
139
135
163
16
34
171
26
123
176
143
60
134
94
82
92
129
127
112
78
133
190
166
2
95
191
25
48
94
147
144
95
137
157
199
103
32
118
131
116
11
189
48
138
90
199
146
167
194
131
147
102
146
134
5
199
79
79
64
123
101
25
145
190
153
25
22
92
20
153
180
47
168
6
25
166
196
177
40
95
124
32
56
150
109
168
46
30
199
138
131
60
154
185
36
73
162
189
57
116
185
145
136
183
142
79
