small
27 30.3 2.111 0.548
25 30.6 3.273 0.586
27 29.5 1.78 0.571
25 29.6 4.088 0.567
26 28.9 2.767 0.635
27 31.5 2.321 0.572
28 31.0 1.633 0.563
26 30.9 2.025 0.477
25 28.1 1.524 0.573
25 31.6 3.596 0.578
25 26.3 1.567 0.632
25 30.3 2.908 0.661
25 28.3 2.584 0.499
26 30.0 2.108 0.552
25 27.4 1.506 0.588
medium
251 279.2 13.105 57.341
264 273.9 9.972 63.965
259 279.1 10.29 68.845
266 284.2 10.83 47.803
252 272.4 12.817 51.323
256 277.9 12.485 52.032
263 274.4 9.155 64.055
272 278.7 5.1 64.76
261 274.8 10.983 58.907
256 281.7 11.786 53.606
270 277.1 6.244 64.278
264 277.9 14.487 58.26
259 272.8 10.748 69.22
250 276.1 19.598 56.591
250 282.3 16.317 44.286
large
1441 1476.6 26.601 586.712
1432 1479.2 40.262 549.313
1455 1482.8 31.19 589.308
1435 1484.5 31.06 590.375
1440 1487.4 25.829 589.731
1443 1482.1 31.363 591.318
1433 1477.2 29.642 591.269
1455 1490.1 29.723 551.603
1439 1487.1 26.219 591.641
1445 1483.6 28.531 591.997
1431 1480.5 27.403 589.047
1431 1483.4 21.277 594.971
1439 1475.7 24.671 592.371
1433 1460.7 18.56 593.042
1453 1495.1 22.078 593.699
