0.5925635619977053
0.614156521101994
0.6219410661547559
0.621981921487603
0.6265846941805231
0.6312292287075644
0.6336208483213447
0.6336208483213447
0.6353879201680686
0.6353879201680686
0.6353879201680686
0.6353879201680686
0.6353879201680686
0.6362873575284942
0.6369322478991598
0.6369322478991598
0.6369419417767107
0.6369419417767107
0.637628873873874
0.637628873873874
0.6380711087740385
0.6380711087740385
0.6380711087740386
0.6385646572459411
0.6385646572459411
0.6385743686109441
0.6385743686109441
0.6385743686109441
0.6386425586289837
0.6386425586289837
0.6386425586289837
0.6386425586289837
0.6393261883273165
0.6393261883273165
0.6393261883273165
0.6393838598074608
0.639780448524985
0.6399335791691751
0.6399335791691751
0.6405606777108432
0.6405606777108432
0.6405614909638553
0.6411117691380348
0.6411117691380348
0.6417211248492158
0.6417219390832327
0.6417219390832327
0.6417219390832327
0.6417219390832328
0.6417219390832328
0.6417219390832328
0.6417219390832328
0.6417219390832328
0.642376418225709
0.642376418225709
0.642376418225709
0.6429405344202899
0.6429405344202899
0.6429405344202899
0.6429526117149759
0.6433779607250755
0.6433779607250755
0.6434450302114803
0.6434450302114803
0.6434571148036252
0.6438830259975815
0.6438830259975815
0.6439119860943168
0.6443109649122806
0.6445781155474892
0.6448466253026635
0.6450159957627117
0.6451323395883776
0.6456042549969714
0.6456961992731677
0.6463072878787879
0.6463072878787879
0.646392984848485
0.6469890994542147
0.6469890994542147
0.6469890994542147
0.6470748483929655
0.6470748483929655
0.6470748483929655
0.6470748483929655
0.6470748483929655
0.6470748483929655
0.6470748483929655
0.6477585103155341
0.6477585103155341
0.6477585103155341
0.6480930935033395
0.6487782047387609
0.6487782047387609
0.6487782047387609
0.6489641403402188
0.6489641403402188
0.6493858814589667
0.6493858814589667
0.6493858814589667
0.650077357055961
0.650077357055961
0.6500956052311436
0.6511563185140072
0.6511563185140072
0.6511563185140072
0.6511563185140072
0.6511563185140072
0.6511563185140072
0.6511800700365408
0.6511800700365408
0.6517039457647774
0.6517039457647774
0.6517039457647774
0.6517277117611211
0.6524190396341463
0.6530947071384989
0.6530947071384989
0.6530947071384989
0.6530947071384989
0.6537396367521368
0.6537396367521368
0.6537396367521368
0.6537396367521368
0.6543093005497861
0.6543093005497861
0.6543093005497861
0.6548427414425426
0.6548555776283617
0.6548555776283617
0.6548555776283617
0.6548886766503665
0.6548886766503665
0.6548886766503667
0.6554738379204893
0.6554738379204893
0.6554738379204893
0.6554738379204893
0.6555950917431191
0.6555950917431191
0.6556012996941896
0.6556012996941896
0.6561932833537331
0.6561932833537331
0.6565851959583586
0.6568738058787508
0.6573702665441176
0.6578807939914162
0.6578807939914162
0.6581998312883434
0.6582738190184046
0.6583551073619629
0.6588233425414362
0.6594369318181814
0.6594369318181814
0.6594369318181816
0.6594369318181816
0.659956714812538
0.6599567148125381
0.6599567148125381
0.6599567148125381
0.6604738468634683
0.6604738468634683
0.6604738468634683
0.6604738468634683
0.6604738468634683
0.6604738468634684
0.6604738468634684
0.6604738468634684
0.6605153597785975
0.6605153597785975
0.6605153597785975
0.6610215230769229
0.6610215230769229
0.6610215230769229
0.6610215230769229
0.661138815384615
0.661138815384615
0.661138815384615
0.6611653692307689
0.6615604525862065
0.6615604525862065
0.6621460104744298
0.6621460104744298
0.6621835643869375
0.6621835643869375
0.6621835643869375
0.6628030363748457
0.6628030363748457
0.6634785780382477
0.6634785780382477
0.6634785780382477
0.663961095679012
0.6640481944444442
0.6640481944444442
0.6646340796788137
0.6646340796788137
0.6646340796788137
0.6646340796788137
0.6646340796788137
0.6646681130327359
0.6651918263288007
0.6652345333745361
0.6652345333745361
0.6658081168831165
0.6658081168831165
0.6658081168831165
0.6658081168831165
0.6662110612623757
0.6662889077970294
0.6662889077970294
0.66670753869969
0.66670753869969
0.66670753869969
0.6673404429987605
0.6673404429987605
0.6673404429987605
0.6673404429987605
0.6673404429987605
0.6673404429987605
0.6680210632362052
0.6680210632362052
0.6680210632362052
0.6680210632362052
0.6685458901985106
0.6685458901985106
0.6686815601736967
0.6691046399751702
0.6691046399751702
0.6692429391682179
0.6692429391682179
0.6698354813664592
0.6698354813664592
0.6698354813664592
0.6698354813664592
0.6703024083281536
0.6703024083281536
0.6704016935985079
0.6704016935985079
0.670745537935323
0.6713130211574357
0.6713130211574357
0.6713130211574357
0.6713185594275042
0.6713185594275042
0.6713185594275042
0.6713387834474172
0.6718867528019921
0.6718867528019921
0.6719125311332499
0.6725019158878499
0.6725019158878499
0.6725277102803733
0.6725277102803733
0.672528208722741
0.672528208722741
0.6725351869158874
0.6725986760124606
0.6729584632169572
0.6729584632169572
0.673308276184538
0.6740080318153457
0.6740085308796003
0.6746429931335826
0.6746429931335826
0.6746429931335826
0.6746434925093627
0.6748115324594252
0.6748115324594252
0.6748120318352054
0.6748341916354551
0.6753465178013734
0.6753465178013734
0.6753465178013734
0.6753465178013734
0.6758034843749994
0.6758034843749994
0.6758034843749994
0.6758034843749994
0.6758261718749994
0.6758261718749994
0.6758261718749994
0.6763035178236391
0.6763035178236391
0.6763035178236391
0.6763039243277041
0.676346044402751
0.6768458854818517
0.6768469493116389
0.6773827958672504
0.6773827958672504
0.6775481058234181
0.6780929981202999
0.6780929981203001
0.6780929981203001
0.6787825862068958
0.6787825862068958
0.6787825862068958
0.6787825862068958
0.6787825862068958
0.6794174874529477
0.6794174874529477
0.679925345260514
0.6804232883165822
0.680515782035175
0.681010323695788
0.681010323695788
0.6810144091766176
0.6816866823899363
0.6816866823899363
0.6817552987421376
0.6823708779106348
0.6824387193203263
0.6824387193203263
0.6824387193203263
0.6829257714105784
0.6829257714105784
0.6829257714105784
0.6829511177581853
0.6829511177581853
0.6829511177581853
0.6829511177581853
0.6829511177581853
0.6829548960957167
0.6829843041561702
0.6835910680529289
0.6835910680529289
0.6835910680529289
0.6836242753623176
0.6836242753623176
0.6836264492753612
0.6836264492753612
0.6836264492753612
0.6836264492753612
0.6836300724637671
0.6836300724637671
0.6840682061790658
0.6840682061790658
0.6840682061790658
0.6841616488020165
0.6841616488020165
0.6842086538461529
0.6843020964691036
0.6843020964691036
0.6843717055485488
0.6843809110970985
0.6851456624605667
0.6851456624605667
0.6851456624605667
0.6855663036616151
0.6860455622236249
0.6863549115603274
0.6863549115603274
0.6868202749683934
0.6868202749683934
0.6868202749683934
0.6868518805309722
0.6868518805309722
0.6868518805309722
0.6868518805309722
0.6868518805309722
0.6868518805309722
0.6868518805309722
0.6868518805309725
0.686865786978507
0.686865786978507
0.686865786978507
0.6868657869785071
0.6868902496839432
0.6874379664769121
0.6874408760278294
0.6874653542061974
0.6874824952561659
0.6875187381404164
0.6880583386075938
0.6881684335443027
0.6881684335443027
0.6881684335443027
0.6881885601265813
0.6881885601265813
0.6881906487341761
0.6881906487341761
0.6881910601265812
0.6887311114629501
0.6889062539582003
0.6891928231939153
0.6894475126742701
0.6894475126742701
0.6899095592897897
0.6899099714648055
0.6899099714648055
0.6899099714648055
0.6899099714648055
0.6899099714648055
0.6905654980964456
0.6905654980964456
0.6905654980964456
0.6905708280456841
0.6905708280456841
0.6905708280456841
0.6906081376903542
0.6906081376903542
0.6906081376903542
0.6906490006345165
0.6906490006345165
0.6906916402284252
0.6906916402284252
0.6914021746031734
0.6914483015873005
0.6914483015873005
0.692022887547648
0.692022887547648
0.692022887547648
0.6925669262555613
0.6925669262555613
0.6925669262555613
0.6928089478703101
0.693212325063612
0.693212325063612
0.6932197678117036
0.693454500636131
0.693454500636131
0.693454500636131
0.6940104869509853
0.6940104869509853
0.6940104869509853
0.6940182845321439
0.6940182845321439
0.6940182845321439
0.694057113303627
0.6940604551241235
0.6940711489497122
0.6940744907702089
0.6947114171974509
0.6947254617834382
0.6947254617834382
0.6947332643312091
0.6947332643312091
0.6953106596558305
0.6953106596558305
0.6953106596558305
0.6953106596558305
0.6957572544642845
0.6957572544642845
0.6959456154336722
0.6959456154336722
0.6959893973214273
0.6959893973214273
0.6968006541161442
0.6968006541161442
0.6968006541161442
0.6968134173580077
0.6968134173580077
0.6968134173580077
0.6968134173580077
0.6975189176245199
0.6975189176245199
0.6975189176245199
0.6975227490421443
0.6975227490421443
0.6982291533546314
0.6982352875399348
0.6988577525575435
0.698992183503835
0.6995943218170172
0.6997478726807408
0.6997478726807408
0.6997478726807408
0.6998327735124746
0.7002181338028155
0.7002181338028155
0.7002181338028155
0.7002181338028155
0.7002181338028155
0.7002181338028155
0.7002181338028155
0.7002181338028155
0.7002198943661957
0.7002198943661957
0.7002198943661957
0.7006822069186404
0.7008251921844957
0.7008251921844957
0.7008251921844957
0.7008278827674554
0.7008278827674554
0.7013929006410242
0.7013929006410242
0.7013929006410242
0.7014396955128192
0.7014396955128192
0.7014396955128192
0.7021096375881961
0.7021096375881961
0.7021096375881961
0.7028356386392796
0.7029517811296518
0.7034584617854834
0.7034584617854834
0.7036061175337173
0.7042298361182504
0.7042298361182504
0.7048366720257219
0.7050334565916384
0.705647892535391
0.705647892535391
0.705647892535391
0.705647892535391
0.706190711526077
0.706190711526077
0.706190711526077
0.706194317450095
0.7063957018673522
0.7063957018673522
0.7069393524484522
0.70713355347938
0.7074150709219844
0.7074551418439702
0.7077099774339123
0.7082551774193534
0.7087337153001922
0.7087461103938012
0.7087520497094886
0.7087520497094886
0.7093113856589133
0.7093113856589133
0.7093126776485773
0.709329731912143
0.7093297319121431
0.7093297319121433
0.7093297319121433
0.7093297319121433
0.7093297319121433
0.7093297319121433
0.7093297319121433
0.7093297319121433
0.7100793956043943
0.7100793956043943
0.7101049935358746
0.7105526681759367
0.7105526681759367
0.7105782826649405
0.7105782826649405
0.7105782826649405
0.7105782826649405
0.7105782826649405
0.7105782826649405
0.7105782826649405
0.7105894081500634
0.7105894081500634
0.7105894081500634
0.7111233818770214
0.7111233818770214
0.7114350970873774
0.7119699643782371
0.7124770090732327
0.7124770090732327
0.7124770090732327
0.7124770090732327
0.7124770090732327
0.7124770090732329
0.7124770090732329
0.7124770090732329
0.7124770090732329
0.7130505674448755
0.7130505674448755
0.7130505674448755
0.7130505674448755
0.7130611705577159
0.7130611705577159
0.7130611705577159
0.7130795557717237
0.7130815985732801
0.7130815985732801
0.7138048182998039
0.7138537800129773
0.7138537800129773
0.7145800162337649
0.7145800162337649
0.7145800162337649
0.7146620941558427
0.7146620941558427
0.7146620941558427
0.7146620941558427
0.7151763645224156
0.7151763645224156
0.7151763645224156
0.7159114596879049
0.716530302537409
0.716530302537409
0.716530302537409
0.716530302537409
0.716530302537409
0.7165303025374091
0.7165303025374091
0.7168199902407273
0.7168199902407273
0.7168253578399465
0.7168270494469732
0.7168680383864657
0.7168680383864657
0.7173337727864569
0.7173337727864569
0.7173337727864569
0.7173337727864569
0.7180700162866436
0.7180700162866436
0.7180700162866436
0.7186600228161654
0.7186600228161654
0.7187274282920456
0.7193416340508793
0.7193416340508793
0.7193416340508793
0.719409083496411
0.7194112687540757
0.7194112687540757
0.7194112687540757
0.7195861545988245
0.7196096379647735
0.7196096379647735
0.7196130626223078
0.7196953522504878
0.7196953522504878
0.7196953522504878
0.7196953522504878
0.7204369288511735
0.7204369288511735
0.7204369288511735
0.7204369288511735
0.7209889124755048
0.7209889124755048
0.7209889124755048
0.7209889124755048
0.7209889124755048
0.7209889124755048
0.7209889124755048
0.7209889124755048
0.7209889124755048
0.7209889124755048
0.7209889124755048
0.7209889124755048
0.7209889124755048
0.7209889124755048
0.7209889124755048
0.7209889124755048
0.7209889124755048
0.721672761437907
0.721672761437907
0.721672761437907
0.721672761437907
0.7222411216481346
0.7222445225637659
0.7222456344015684
0.7223292838456497
0.7223292838456497
0.7223292838456497
0.7223303956834521
0.7223414486592533
0.7223414486592533
0.7223414486592533
0.7223414486592533
0.7223425604970558
0.7223425604970558
0.7223425604970558
0.7231337205497371
0.7231535831151821
0.7231546956806272
0.7231546956806272
0.7236532580222648
0.7236532580222648
0.7236532580222648
0.7236532580222648
0.7236532580222648
0.7243826507208377
0.7243826507208377
0.7243826507208377
0.7250913606557365
0.7250913606557365
0.7250913606557365
0.7250913606557365
0.7256458169291328
0.7256458169291328
0.7256458169291328
0.7256458169291328
0.7256458169291328
0.7256458169291328
0.725654872047243
0.7261947636244245
0.7261947636244245
0.7262038246881145
0.7267724211563722
0.7267724211563722
0.7267745893561094
0.7267814881734551
0.7273904832347129
0.7273904832347129
0.7273904832347129
0.7273904832347129
0.7273904832347129
0.7273904832347131
0.7273904832347131
0.7273904832347131
0.7273904832347131
0.7273904832347131
0.7273904832347131
0.7273904832347131
0.7273904832347131
0.7273904832347131
0.7273905489809325
0.7279527796052623
0.7279528453947358
0.7279528453947358
0.7281138980263148
0.7281138980263148
0.7286770408163256
0.7286770408163256
0.7286770408163256
0.7286770408163256
0.7286770408163256
0.7286770408163256
0.7286770408163256
0.7286770408163256
0.7286770408163256
0.7286770408163256
0.7286770408163256
0.7286770408163256
0.7286770408163257
0.7286870473996039
0.7286870473996039
0.7286870473996039
0.729209239130434
0.7292192523056643
0.7292192523056643
0.7292192523056644
0.729254891304347
0.7292649044795775
0.7292649044795775
0.7292649044795776
0.7292743906455853
0.7299367996044815
0.7299462920237302
0.7299462920237302
0.7299813612392873
0.7299813612392873
0.7299965886618317
0.7299965886618317
0.7300060810810804
0.7300836025049432
0.7307595151715031
0.7307595151715031
0.7307595151715031
0.7307595151715031
0.7308465864116087
0.7308465864116087
0.7313546039603953
0.7313546039603953
0.7313546039603953
0.7320304656538962
0.7320304656538962
0.7321447985468948
0.7321818527080572
0.7328392432253792
0.7328392432253792
0.7328679610046258
0.7333977347883589
0.7333977347883589
0.7342125248180005
0.7342125248180005
0.7342125248180005
0.7347198841059593
0.7354204937044391
0.7354204937044391
0.7354321570576531
0.7359580404509274
0.7359580404509274
0.7359697115384606
0.7365884041141331
0.7366000829462498
0.7366088420703374
0.7366088420703374
0.7371780046480735
0.737181922310756
0.737181922310756
0.7372297310756961
0.7372492529880468
0.7372492529880468
0.7380584551495006
0.7380584551495006
0.7380584551495006
0.7380584551495006
0.7380665614617928
0.7380665614617928
0.7380665614617928
0.7380665614617928
0.7380665614617928
0.7380954318936865
0.7386472573138286
0.7391626580172975
0.7391626580172975
0.7391626580172975
0.7391915668662662
0.7391915668662662
0.7391917997338644
0.7391917997338644
0.7391965568862263
0.7391965568862263
0.7391965568862263
0.7392210745176302
0.7398157290279614
0.7398157290279614
0.7398157290279614
0.7398402629826887
0.7398402629826887
0.7398402629826887
0.7398402629826887
0.7398402629826887
0.7398402629826887
0.7398402629826887
0.7398402629826887
0.7398402629826887
0.7400499833555249
0.7400499833555249
0.7400499833555249
0.7400499833555249
0.7400499833555249
0.7400983189081214
0.7400983189081214
0.7405659393737498
0.7406143071285799
0.740618970686208
0.740618970686208
0.740618970686208
0.7406335609593594
0.7406335609593594
0.7406335609593594
0.7406929213857418
0.7412198166666656
0.7412198166666656
0.741317249999999
0.741317249999999
0.741317249999999
0.741317249999999
0.7413892499999991
0.7419095563709129
0.7419095563709129
0.7419095563709129
0.7420885757171439
0.7427457109479295
0.7427457109479295
0.7427457109479295
0.7439634859625657
0.7439634859625657
0.7442843415775389
0.7447654682274234
0.7448018561872898
0.745312098393573
0.745312098393573
0.7454375334672009
0.7454375334672009
0.7454375334672009
0.745953834561285
0.7461724547890143
0.7461724547890143
0.7461724547890143
0.7461724547890143
0.7461724547890143
0.7461724547890143
0.7461724547890143
0.7461724547890143
0.7461724547890143
0.7462399698593423
0.7462399698593423
0.7462399698593423
0.7462399698593423
0.7470666722520093
0.7470666722520093
0.7470666722520093
0.7470666722520093
0.7470666722520093
0.7472561829758699
0.7472561829758699
0.7472561829758699
0.74725618297587
0.74725618297587
0.7479967974513736
0.7479967974513736
0.7479967974513736
0.7479967974513736
0.7479967974513736
0.7479967974513736
0.7480405264922856
0.7480493796109979
0.7480493796109979
0.7480493796109979
0.7486872651006699
0.7486872651006699
0.7486889765100658
0.7486984395973142
0.7486984395973142
0.7487398825503344
0.7487510570469786
0.7487510570469786
0.7494651947615837
0.7495178475486891
0.7495178475486891
0.7495178475486891
0.7495178475486891
0.7498310779046327
0.7498310779046327
0.7498310779046327
0.7498310779046327
0.7498338985896561
0.7498527031564794
0.7498527031564794
0.7498527031564794
0.7498527031564794
0.7498527031564794
0.749866806581597
0.749866806581597
0.749866806581597
0.749866806581597
0.749866806581597
0.7498686870382792
0.7498686870382792
0.7498686870382792
0.7498696944257878
0.7498696944257878
0.7498696944257878
0.7498696944257878
0.7498696944257878
0.7498696944257878
0.7498696944257878
0.7498696944257878
0.7498696944257878
0.7498701645399584
0.750016034251174
0.7506277385752675
0.7506417506720416
0.7507877184139772
0.7514003530598505
0.7514003530598505
0.7514003530598505
0.7514595326160038
0.7514595326160038
0.7514595326160041
0.7515436953597834
0.7523825538357993
0.7523825538357993
0.7523825538357993
0.7523825538357993
0.7523825538357993
0.7531847306397291
0.7531847306397291
0.7531847306397291
0.7531847306397291
0.7531847306397291
0.7531847306397291
0.7531847306397291
0.7531847306397292
0.7531847306397292
0.7531847306397292
0.7531847306397292
0.7531847306397292
0.7532087710437696
0.7532087710437696
0.7532087710437696
0.7532087710437696
0.7539937836927207
0.7539937836927207
0.7539937836927207
0.7539937836927207
0.7546679871881304
0.7546679871881304
0.7546679871881304
0.7546679871881304
0.7546679871881304
0.7554622300944653
0.7554622300944653
0.7554622300944653
0.7554622300944653
0.7554622300944653
0.7554626012145734
0.7554626012145734
0.7555077766531698
0.7555077766531698
0.7562781735313963
0.7562781735313963
0.7562781735313963
0.7562781735313963
0.7562796927751504
0.7569918749999985
0.7569918749999985
0.7569918749999985
0.7577551217038525
0.7577551217038525
0.7577551217038525
0.7578701318458404
0.7578701318458404
0.7579043441514522
0.7584327976995926
0.7585494079837605
0.7585836434370756
0.7585836434370756
0.7585843538565614
0.7585843538565614
0.7585843538565614
0.7585843538565614
0.7585843538565614
0.7585843538565614
0.7585843538565614
0.75860992895805
0.75860992895805
0.7586101995940445
0.7586101995940445
0.758697276725303
0.758697276725303
0.758697276725303
0.7586972767253032
0.7586991373477658
0.7586991373477658
0.7595247968855775
0.7595247968855775
0.759526658767771
0.759526658767771
0.7595285206499648
0.7595285206499648
0.7595285206499648
0.7595285206499648
0.7598652505077848
0.7598652505077848
0.7605093326558251
0.7605275914634133
0.7605275914634133
0.7605275914634133
0.7605275914634133
0.7605275914634133
0.7605275914634133
0.7605369410569093
0.7605369410569093
0.7605369410569093
0.7605369410569093
0.7605369410569093
0.7605373136856355
0.7605373136856355
0.7613161525423714
0.7613161525423715
0.7613161525423715
0.7613165254237274
0.7613165254237274
0.7613165254237274
0.761328389830507
0.761328389830507
0.761328389830507
0.7619596166892794
0.7619596166892794
0.7619596166892795
0.7622362788331057
0.7624684362279499
0.7627821961982334
0.763098150033943
0.7631008655804468
0.7636974354619552
0.7636974354619552
0.7636974354619552
0.7636974354619552
0.7636974354619552
0.7636974354619552
0.7636974354619552
0.7637858865489118
0.7637858865489118
0.7642444765465657
0.7644684738273272
0.7644684738273272
0.7644684738273272
0.7651049829931962
0.7651049829931962
0.7656392273655539
0.7656392273655539
0.7656392273655539
0.7656392273655539
0.7664896968664839
0.7664896968664839
0.7665035933242498
0.7665035933242498
0.7665035933242498
0.7665035933242498
0.7665035933242498
0.7665174216621243
0.7670987900477154
0.7670987900477154
0.7670987900477154
0.7670987900477154
0.7670987900477154
0.7670987900477154
0.7671092194955682
0.7678620907230549
0.7678620907230549
0.7678620907230549
0.7678725272851286
0.7678725272851286
0.7678725272851286
0.7678725272851286
0.7678887960436552
0.7678887960436552
0.7678887960436552
0.7678887960436552
0.7678887960436553
0.7678887960436553
0.7678887960436553
0.7678887960436553
0.7678887960436553
0.767924607776261
0.767924607776261
0.767924607776261
0.767924607776261
0.7679247783083212
0.7679352489768069
0.7679352489768069
0.7679796896316498
0.7679796896316498
0.7679796896316498
0.7679901603001356
0.7679901603001356
0.7679901603001356
0.7686594027303746
0.7686594027303746
0.7686594027303746
0.7686594027303746
0.7686698805460743
0.7686698805460743
0.7686698805460743
0.7686698805460743
0.7686715870307159
0.7692838285519117
0.7692838285519117
0.7692943135245892
0.7692943135245892
0.7699015208475726
0.7699120129870122
0.7699120129870122
0.7699120129870123
0.7699120129870123
0.7699673786739567
0.7699673786739569
0.7699673786739569
0.7699673786739569
0.7699673786739569
0.7699796821599446
0.7699796821599446
0.7699796821599446
0.7699796821599446
0.7699796821599446
0.7699796821599446
0.7699796821599446
0.7699796821599446
0.7699796821599446
0.7699796821599446
0.7699796821599446
0.7699796821599446
0.7699796821599446
0.7699796821599446
0.7706830882352932
0.7706830882352932
0.7706830882352932
0.7706830882352932
0.7706830882352932
0.7706830882352932
0.7706830882352932
0.7706830882352932
0.7706830882352932
0.7706830882352934
0.7712303045858993
0.7712303045858993
0.7712303045858993
0.7712303045858993
0.7712303045858993
0.7712405715263511
0.7712405715263511
0.7718134760273965
0.7718134760273965
0.7718134760273965
0.7718134760273965
0.7718134760273965
0.7718134760273965
0.7718152910958895
0.7718152910958895
0.7718152910958895
0.7718152910958895
0.7718311472602731
0.7718311472602731
0.7718311472602731
0.7718385445205471
0.7725860692254961
0.7725860692254961
0.7725860692254961
0.7725860692254961
0.7725860692254961
0.7725860692254961
0.7725860692254961
0.7725915524331726
0.7725915524331726
0.7731349279835382
0.7731349279835382
0.7731349279835382
0.7731349279835384
0.7731349279835384
0.7731349279835384
0.7731349279835384
0.773193569958847
0.773193569958847
0.773193569958847
0.7732272119341557
0.7732272119341557
0.7732272119341557
0.7732272119341557
0.7737681022649272
0.7737681022649272
0.7737681022649272
0.7737681022649272
0.7737681022649272
0.7737681022649272
0.7737681022649272
0.7737681022649272
0.7737681022649272
0.7737681022649272
0.7737681022649272
0.7737681022649272
0.7737681022649272
0.7737681022649272
0.7737681022649272
0.7737681022649272
0.7737681022649272
0.7737681022649272
0.7737681022649272
0.7737681022649272
0.7737681022649272
0.7737681022649272
0.7737681022649272
0.7737681022649272
0.7737681022649272
0.7737681022649272
